# ./montecarloln2 N=200 seed=1234321
1.0795	0.512319	1	1	1
1.66437	0.673453	1	2	0.5
1.86695	0.982331	1	3	0.333333
1.6477	0.783893	1	4	0.25
1.00959	0.350438	2	5	0.4
1.93725	0.93384	2	6	0.333333
1.99695	0.909986	2	7	0.285714
1.28965	0.737886	3	8	0.375
1.53181	0.848665	3	9	0.333333
1.39556	0.07403	4	10	0.4
1.78353	0.391783	5	11	0.454545
1.07605	0.00885322	6	12	0.5
1.07372	0.730101	7	13	0.538462
1.03138	0.888226	8	14	0.571429
1.87683	0.843601	8	15	0.533333
1.65074	0.956332	8	16	0.5
1.35592	0.315111	9	17	0.529412
1.62979	0.222867	10	18	0.555556
1.29744	0.277486	11	19	0.578947
1.00676	0.307033	12	20	0.6
1.62792	0.944006	12	21	0.571429
1.24087	0.624873	13	22	0.590909
1.85399	0.530523	14	23	0.608696
1.36276	0.385801	15	24	0.625
1.37919	0.75832	15	25	0.6
1.45983	0.16272	16	26	0.615385
1.1501	0.535881	17	27	0.62963
1.17157	0.223824	18	28	0.642857
1.26598	0.202954	19	29	0.655172
1.11205	0.142814	20	30	0.666667
1.04655	0.762791	21	31	0.677419
1.09915	0.402474	22	32	0.6875
1.0779	0.728932	23	33	0.69697
1.62534	0.375344	24	34	0.705882
1.00642	0.632102	25	35	0.714286
1.68238	0.634342	25	36	0.694444
1.57611	0.92325	25	37	0.675676
1.25921	0.430101	26	38	0.684211
1.45377	0.621973	27	39	0.692308
1.8159	0.83296	27	40	0.675
1.38029	0.275734	28	41	0.682927
1.99568	0.530395	28	42	0.666667
1.81161	0.167254	29	43	0.674419
1.75422	0.0775965	30	44	0.681818
1.37021	0.866268	30	45	0.666667
1.22041	0.416762	31	46	0.673913
1.62906	0.319556	32	47	0.680851
1.81924	0.706962	32	48	0.666667
1.04849	0.444578	33	49	0.673469
1.08231	0.0549058	34	50	0.68
1.07668	0.764684	35	51	0.686275
1.68925	0.652788	35	52	0.673077
1.68793	0.948462	35	53	0.660377
1.08289	0.141706	36	54	0.666667
1.57043	0.898792	36	55	0.654545
1.97467	0.950728	36	56	0.642857
1.17453	0.970346	36	57	0.631579
1.48112	0.98614	36	58	0.62069
1.1376	0.235342	37	59	0.627119
1.06374	0.507807	38	60	0.633333
1.10161	0.284147	39	61	0.639344
1.92457	0.73067	39	62	0.629032
1.6037	0.743805	39	63	0.619048
1.43763	0.652191	40	64	0.625
1.18838	0.519939	41	65	0.630769
1.7071	0.265062	42	66	0.636364
1.28462	0.396345	43	67	0.641791
1.91785	0.972556	43	68	0.632353
1.34481	0.00074025	44	69	0.637681
1.11426	0.915242	44	70	0.628571
1.89953	0.088928	45	71	0.633803
1.86597	0.0740577	46	72	0.638889
1.05927	0.347092	47	73	0.643836
1.0602	0.196874	48	74	0.648649
1.58243	0.123935	49	75	0.653333
1.70468	0.684045	49	76	0.644737
1.40808	0.629249	50	77	0.649351
1.41471	0.0117853	51	78	0.653846
1.37305	0.852347	51	79	0.64557
1.66398	0.561436	52	80	0.65
1.37229	0.371074	53	81	0.654321
1.8265	0.656909	53	82	0.646341
1.76742	0.744349	53	83	0.638554
1.62947	0.112225	54	84	0.642857
1.74509	0.743728	54	85	0.635294
1.02747	0.644622	55	86	0.639535
1.83266	0.893437	55	87	0.632184
1.71868	0.89193	55	88	0.625
1.24053	0.778877	56	89	0.629213
1.0888	0.822963	57	90	0.633333
1.90281	0.793484	57	91	0.626374
1.50701	0.310894	58	92	0.630435
1.42273	0.921723	58	93	0.623656
1.32268	0.795787	58	94	0.617021
1.77407	0.986656	58	95	0.610526
1.35722	0.146356	59	96	0.614583
1.35773	0.183721	60	97	0.618557
1.80327	0.125148	61	98	0.622449
1.92807	0.432731	62	99	0.626263
1.23737	0.67316	63	100	0.63
1.17646	0.264841	64	101	0.633663
1.31778	0.0091144	65	102	0.637255
1.15828	0.0364605	66	103	0.640777
1.90104	0.398806	67	104	0.644231
1.81534	0.989848	67	105	0.638095
1.22177	0.718149	68	106	0.641509
1.78333	0.728777	68	107	0.635514
1.02904	0.206065	69	108	0.638889
1.6505	0.351722	70	109	0.642202
1.00185	0.42457	71	110	0.645455
1.33838	0.359074	72	111	0.648649
1.57093	0.696107	72	112	0.642857
1.5428	0.374192	73	113	0.646018
1.82126	0.470866	74	114	0.649123
1.80692	0.0586284	75	115	0.652174
1.14403	0.983382	75	116	0.646552
1.32347	0.461807	76	117	0.649573
1.9925	0.481746	77	118	0.652542
1.49827	0.893541	77	119	0.647059
1.88055	0.313605	78	120	0.65
1.88339	0.102322	79	121	0.652893
1.03175	0.66672	80	122	0.655738
1.8311	0.060798	81	123	0.658537
1.87278	0.4816	82	124	0.66129
1.41252	0.874636	82	125	0.656
1.90617	0.750898	82	126	0.650794
1.23371	0.477096	83	127	0.653543
1.447	0.776506	83	128	0.648438
1.85129	0.26826	84	129	0.651163
1.24737	0.658212	85	130	0.653846
1.32689	0.391398	86	131	0.656489
1.64159	0.650357	86	132	0.651515
1.85321	0.634091	86	133	0.646617
1.1321	0.351473	87	134	0.649254
1.52763	0.0126558	88	135	0.651852
1.66508	0.411021	89	136	0.654412
1.11498	0.696833	90	137	0.656934
1.07774	0.946077	90	138	0.652174
1.75763	0.950525	90	139	0.647482
1.42768	0.170151	91	140	0.65
1.82516	0.333846	92	141	0.652482
1.92105	0.0588719	93	142	0.65493
1.81094	0.368054	94	143	0.657343
1.83538	0.662232	94	144	0.652778
1.63631	0.0827501	95	145	0.655172
1.32044	0.963203	95	146	0.650685
1.47415	0.962039	95	147	0.646259
1.61356	0.327353	96	148	0.648649
1.59613	0.745664	96	149	0.644295
1.67883	0.123763	97	150	0.646667
1.75832	0.343905	98	151	0.649007
1.53478	0.873297	98	152	0.644737
1.04074	0.612524	99	153	0.647059
1.81937	0.798369	99	154	0.642857
1.56305	0.247051	100	155	0.645161
1.96852	0.388211	101	156	0.647436
1.5809	0.88957	101	157	0.643312
1.44708	0.39184	102	158	0.64557
1.25762	0.28246	103	159	0.647799
1.05407	0.893938	104	160	0.65
1.36521	0.374515	105	161	0.652174
1.85714	0.839359	105	162	0.648148
1.33655	0.470701	106	163	0.650307
1.16671	0.932684	106	164	0.646341
1.21636	0.845538	106	165	0.642424
1.05645	0.974684	106	166	0.638554
1.18944	0.59123	107	167	0.640719
1.84798	0.230181	108	168	0.642857
1.20375	0.667355	109	169	0.64497
1.02855	0.766804	110	170	0.647059
1.91441	0.99707	110	171	0.643275
1.15501	0.495302	111	172	0.645349
1.88664	0.602097	111	173	0.641618
1.88714	0.144263	112	174	0.643678
1.88456	0.941213	112	175	0.64
1.0382	0.249768	113	176	0.642045
1.31573	0.895342	113	177	0.638418
1.08913	0.652282	114	178	0.640449
1.36604	0.255839	115	179	0.642458
1.58497	0.582407	116	180	0.644444
1.10138	0.641413	117	181	0.646409
1.55709	0.29082	118	182	0.648352
1.23264	0.405072	119	183	0.650273
1.521	0.436398	120	184	0.652174
1.07243	0.549551	121	185	0.654054
1.2032	0.986832	121	186	0.650538
1.54662	0.358216	122	187	0.652406
1.48213	0.433261	123	188	0.654255
1.96031	0.369277	124	189	0.656085
1.57752	0.84487	124	190	0.652632
1.31049	0.615726	125	191	0.65445
1.09464	0.626218	126	192	0.65625
1.51107	0.183764	127	193	0.658031
1.2785	0.87711	127	194	0.654639
1.4396	0.863467	127	195	0.651282
1.45952	0.540979	128	196	0.653061
1.50488	0.0166085	129	197	0.654822
1.8318	0.737524	129	198	0.651515
1.42168	0.3528	130	199	0.653266
1.17392	0.494107	131	200	0.655
