# ./montecarlopi N=200
1	1	2.44949
2	1.25	2.73861
3	1.36111	2.85774
4	1.42361	2.92261
5	1.46361	2.96339
6	1.49139	2.99138
7	1.5118	3.01177
8	1.52742	3.0273
9	1.53977	3.03951
10	1.54977	3.04936
11	1.55803	3.05748
12	1.56498	3.06429
13	1.57089	3.07008
14	1.576	3.07506
15	1.58044	3.07939
16	1.58435	3.08319
17	1.58781	3.08656
18	1.59089	3.08956
19	1.59366	3.09225
20	1.59616	3.09467
21	1.59843	3.09687
22	1.6005	3.09887
23	1.60239	3.1007
24	1.60412	3.10238
25	1.60572	3.10392
26	1.6072	3.10535
27	1.60857	3.10668
28	1.60985	3.10791
29	1.61104	3.10906
30	1.61215	3.11013
31	1.61319	3.11113
32	1.61417	3.11207
33	1.61509	3.11296
34	1.61595	3.11379
35	1.61677	3.11458
36	1.61754	3.11532
37	1.61827	3.11603
38	1.61896	3.11669
39	1.61962	3.11732
40	1.62024	3.11793
41	1.62084	3.1185
42	1.62141	3.11904
43	1.62195	3.11956
44	1.62246	3.12006
45	1.62296	3.12054
46	1.62343	3.12099
47	1.62388	3.12142
48	1.62432	3.12184
49	1.62473	3.12224
50	1.62513	3.12263
51	1.62552	3.123
52	1.62589	3.12335
53	1.62624	3.12369
54	1.62659	3.12402
55	1.62692	3.12434
56	1.62724	3.12465
57	1.62754	3.12494
58	1.62784	3.12523
59	1.62813	3.1255
60	1.62841	3.12577
61	1.62867	3.12603
62	1.62893	3.12628
63	1.62919	3.12652
64	1.62943	3.12675
65	1.62967	3.12698
66	1.6299	3.1272
67	1.63012	3.12741
68	1.63034	3.12762
69	1.63055	3.12782
70	1.63075	3.12802
71	1.63095	3.12821
72	1.63114	3.12839
73	1.63133	3.12857
74	1.63151	3.12875
75	1.63169	3.12892
76	1.63186	3.12909
77	1.63203	3.12925
78	1.6322	3.1294
79	1.63236	3.12956
80	1.63251	3.12971
81	1.63266	3.12985
82	1.63281	3.13
83	1.63296	3.13014
84	1.6331	3.13027
85	1.63324	3.1304
86	1.63337	3.13053
87	1.63351	3.13066
88	1.63363	3.13078
89	1.63376	3.1309
90	1.63388	3.13102
91	1.63401	3.13114
92	1.63412	3.13125
93	1.63424	3.13136
94	1.63435	3.13147
95	1.63446	3.13158
96	1.63457	3.13168
97	1.63468	3.13178
98	1.63478	3.13188
99	1.63488	3.13198
100	1.63498	3.13208
101	1.63508	3.13217
102	1.63518	3.13226
103	1.63527	3.13235
104	1.63536	3.13244
105	1.63546	3.13253
106	1.63554	3.13261
107	1.63563	3.1327
108	1.63572	3.13278
109	1.6358	3.13286
110	1.63588	3.13294
111	1.63597	3.13302
112	1.63605	3.13309
113	1.63612	3.13317
114	1.6362	3.13324
115	1.63628	3.13331
116	1.63635	3.13339
117	1.63642	3.13346
118	1.6365	3.13352
119	1.63657	3.13359
120	1.63664	3.13366
121	1.6367	3.13372
122	1.63677	3.13379
123	1.63684	3.13385
124	1.6369	3.13391
125	1.63697	3.13397
126	1.63703	3.13403
127	1.63709	3.13409
128	1.63715	3.13415
129	1.63721	3.13421
130	1.63727	3.13427
131	1.63733	3.13432
132	1.63739	3.13438
133	1.63744	3.13443
134	1.6375	3.13448
135	1.63755	3.13454
136	1.63761	3.13459
137	1.63766	3.13464
138	1.63771	3.13469
139	1.63777	3.13474
140	1.63782	3.13479
141	1.63787	3.13484
142	1.63792	3.13488
143	1.63797	3.13493
144	1.63801	3.13498
145	1.63806	3.13502
146	1.63811	3.13507
147	1.63815	3.13511
148	1.6382	3.13516
149	1.63825	3.1352
150	1.63829	3.13524
151	1.63833	3.13528
152	1.63838	3.13532
153	1.63842	3.13537
154	1.63846	3.13541
155	1.6385	3.13545
156	1.63854	3.13548
157	1.63858	3.13552
158	1.63862	3.13556
159	1.63866	3.1356
160	1.6387	3.13564
161	1.63874	3.13567
162	1.63878	3.13571
163	1.63882	3.13575
164	1.63886	3.13578
165	1.63889	3.13582
166	1.63893	3.13585
167	1.63896	3.13589
168	1.639	3.13592
169	1.63903	3.13595
170	1.63907	3.13599
171	1.6391	3.13602
172	1.63914	3.13605
173	1.63917	3.13608
174	1.6392	3.13612
175	1.63924	3.13615
176	1.63927	3.13618
177	1.6393	3.13621
178	1.63933	3.13624
179	1.63936	3.13627
180	1.63939	3.1363
181	1.63942	3.13633
182	1.63945	3.13636
183	1.63948	3.13638
184	1.63951	3.13641
185	1.63954	3.13644
186	1.63957	3.13647
187	1.6396	3.1365
188	1.63963	3.13652
189	1.63966	3.13655
190	1.63968	3.13658
191	1.63971	3.1366
192	1.63974	3.13663
193	1.63977	3.13665
194	1.63979	3.13668
195	1.63982	3.1367
196	1.63985	3.13673
197	1.63987	3.13675
198	1.6399	3.13678
199	1.63992	3.1368
200	1.63995	3.13683
