# ./RandDemo6 N=2000 seed=1234321
0.0795005	0.512319	1	1	4
0.664369	0.673453	2	2	4
0.866947	0.982331	2	3	2.66667
0.647701	0.783893	2	4	2
0.00959101	0.350438	3	5	2.4
0.937246	0.93384	3	6	2
0.996949	0.909986	3	7	1.71429
0.28965	0.737886	4	8	2
0.531809	0.848665	4	9	1.77778
0.395561	0.07403	5	10	2
0.783533	0.391783	6	11	2.18182
0.0760497	0.00885322	7	12	2.33333
0.0737212	0.730101	8	13	2.46154
0.0313802	0.888226	9	14	2.57143
0.876832	0.843601	9	15	2.4
0.650742	0.956332	9	16	2.25
0.35592	0.315111	10	17	2.35294
0.629785	0.222867	11	18	2.44444
0.297442	0.277486	12	19	2.52632
0.00676051	0.307033	13	20	2.6
0.627924	0.944006	13	21	2.47619
0.240873	0.624873	14	22	2.54545
0.853992	0.530523	14	23	2.43478
0.362759	0.385801	15	24	2.5
0.379188	0.75832	16	25	2.56
0.459831	0.16272	17	26	2.61538
0.150103	0.535881	18	27	2.66667
0.171573	0.223824	19	28	2.71429
0.265982	0.202954	20	29	2.75862
0.11205	0.142814	21	30	2.8
0.0465545	0.762791	22	31	2.83871
0.0991461	0.402474	23	32	2.875
0.0779025	0.728932	24	33	2.90909
0.625342	0.375344	25	34	2.94118
0.00641788	0.632102	26	35	2.97143
0.682377	0.634342	27	36	3
0.576109	0.92325	27	37	2.91892
0.259214	0.430101	28	38	2.94737
0.453772	0.621973	29	39	2.97436
0.815902	0.83296	29	40	2.9
0.380293	0.275734	30	41	2.92683
0.99568	0.530395	30	42	2.85714
0.811615	0.167254	31	43	2.88372
0.754219	0.0775965	32	44	2.90909
0.370207	0.866268	33	45	2.93333
0.22041	0.416762	34	46	2.95652
0.62906	0.319556	35	47	2.97872
0.819236	0.706962	35	48	2.91667
0.0484879	0.444578	36	49	2.93878
0.0823066	0.0549058	37	50	2.96
0.0766799	0.764684	38	51	2.98039
0.689248	0.652788	39	52	3
0.687933	0.948462	39	53	2.9434
0.0828895	0.141706	40	54	2.96296
0.570435	0.898792	40	55	2.90909
0.974666	0.950728	40	56	2.85714
0.174526	0.970346	41	57	2.87719
0.481123	0.98614	41	58	2.82759
0.1376	0.235342	42	59	2.84746
0.0637368	0.507807	43	60	2.86667
0.10161	0.284147	44	61	2.88525
0.924568	0.73067	44	62	2.83871
0.603703	0.743805	45	63	2.85714
0.437633	0.652191	46	64	2.875
0.188382	0.519939	47	65	2.89231
0.707097	0.265062	48	66	2.90909
0.284623	0.396345	49	67	2.92537
0.917851	0.972556	49	68	2.88235
0.344807	0.00074025	50	69	2.89855
0.114262	0.915242	51	70	2.91429
0.899532	0.088928	52	71	2.92958
0.865969	0.0740577	53	72	2.94444
0.0592741	0.347092	54	73	2.9589
0.0601979	0.196874	55	74	2.97297
0.582434	0.123935	56	75	2.98667
0.704681	0.684045	57	76	3
0.408082	0.629249	58	77	3.01299
0.414715	0.0117853	59	78	3.02564
0.373054	0.852347	60	79	3.03797
0.663977	0.561436	61	80	3.05
0.372286	0.371074	62	81	3.06173
0.826498	0.656909	62	82	3.02439
0.767419	0.744349	62	83	2.98795
0.629465	0.112225	63	84	3
0.745089	0.743728	63	85	2.96471
0.0274672	0.644622	64	86	2.97674
0.832656	0.893437	64	87	2.94253
0.718679	0.89193	64	88	2.90909
0.240529	0.778877	65	89	2.92135
0.0888034	0.822963	66	90	2.93333
0.902812	0.793484	66	91	2.9011
0.507008	0.310894	67	92	2.91304
0.422733	0.921723	67	93	2.88172
0.322679	0.795787	68	94	2.89362
0.77407	0.986656	68	95	2.86316
0.357223	0.146356	69	96	2.875
0.357729	0.183721	70	97	2.8866
0.803266	0.125148	71	98	2.89796
0.92807	0.432731	71	99	2.86869
0.237373	0.67316	72	100	2.88
0.176459	0.264841	73	101	2.89109
0.317781	0.0091144	74	102	2.90196
0.158277	0.0364605	75	103	2.91262
0.901044	0.398806	76	104	2.92308
0.815338	0.989848	76	105	2.89524
0.22177	0.718149	77	106	2.90566
0.783332	0.728777	77	107	2.8785
0.0290432	0.206065	78	108	2.88889
0.6505	0.351722	79	109	2.89908
0.00185147	0.42457	80	110	2.90909
0.338378	0.359074	81	111	2.91892
0.570927	0.696107	82	112	2.92857
0.542796	0.374192	83	113	2.93805
0.821255	0.470866	84	114	2.94737
0.806924	0.0586284	85	115	2.95652
0.144026	0.983382	86	116	2.96552
0.323469	0.461807	87	117	2.97436
0.992497	0.481746	87	118	2.94915
0.498268	0.893541	87	119	2.92437
0.880552	0.313605	88	120	2.93333
0.883388	0.102322	89	121	2.94215
0.0317548	0.66672	90	122	2.95082
0.831099	0.060798	91	123	2.95935
0.872785	0.4816	92	124	2.96774
0.41252	0.874636	93	125	2.976
0.90617	0.750898	93	126	2.95238
0.23371	0.477096	94	127	2.96063
0.447005	0.776506	95	128	2.96875
0.851289	0.26826	96	129	2.97674
0.247372	0.658212	97	130	2.98462
0.326888	0.391398	98	131	2.99237
0.641595	0.650357	99	132	3
0.853205	0.634091	99	133	2.97744
0.132104	0.351473	100	134	2.98507
0.527632	0.0126558	101	135	2.99259
0.665078	0.411021	102	136	3
0.114978	0.696833	103	137	3.0073
0.0777407	0.946077	104	138	3.01449
0.757631	0.950525	104	139	2.99281
0.427676	0.170151	105	140	3
0.825161	0.333846	106	141	3.00709
0.921049	0.0588719	107	142	3.01408
0.810943	0.368054	108	143	3.02098
0.835378	0.662232	108	144	3
0.636314	0.0827501	109	145	3.0069
0.320444	0.963203	109	146	2.9863
0.474148	0.962039	109	147	2.96599
0.61356	0.327353	110	148	2.97297
0.59613	0.745664	111	149	2.97987
0.678826	0.123763	112	150	2.98667
0.758319	0.343905	113	151	2.99338
0.534783	0.873297	113	152	2.97368
0.0407379	0.612524	114	153	2.98039
0.819374	0.798369	114	154	2.96104
0.563049	0.247051	115	155	2.96774
0.96852	0.388211	115	156	2.94872
0.580897	0.88957	115	157	2.92994
0.447083	0.39184	116	158	2.93671
0.257624	0.28246	117	159	2.9434
0.0540712	0.893938	118	160	2.95
0.365211	0.374515	119	161	2.95652
0.857141	0.839359	119	162	2.93827
0.336554	0.470701	120	163	2.94479
0.166712	0.932684	121	164	2.95122
0.216364	0.845538	122	165	2.95758
0.0564469	0.974684	123	166	2.96386
0.189443	0.59123	124	167	2.97006
0.847981	0.230181	125	168	2.97619
0.203754	0.667355	126	169	2.98225
0.02855	0.766804	127	170	2.98824
0.914406	0.99707	127	171	2.97076
0.155014	0.495302	128	172	2.97674
0.88664	0.602097	128	173	2.95954
0.887142	0.144263	129	174	2.96552
0.884557	0.941213	129	175	2.94857
0.0382014	0.249768	130	176	2.95455
0.315728	0.895342	131	177	2.96045
0.0891265	0.652282	132	178	2.96629
0.366043	0.255839	133	179	2.97207
0.584967	0.582407	134	180	2.97778
0.101377	0.641413	135	181	2.98343
0.557091	0.29082	136	182	2.98901
0.232644	0.405072	137	183	2.99454
0.521001	0.436398	138	184	3
0.0724268	0.549551	139	185	3.00541
0.203201	0.986832	139	186	2.98925
0.546621	0.358216	140	187	2.99465
0.482135	0.433261	141	188	3
0.960312	0.369277	141	189	2.98413
0.577524	0.84487	141	190	2.96842
0.31049	0.615726	142	191	2.97382
0.0946375	0.626218	143	192	2.97917
0.511068	0.183764	144	193	2.98446
0.2785	0.87711	145	194	2.98969
0.439603	0.863467	146	195	2.99487
0.459518	0.540979	147	196	3
0.50488	0.0166085	148	197	3.00508
0.831799	0.737524	148	198	2.9899
0.42168	0.3528	149	199	2.99497
0.173922	0.494107	150	200	3
0.902351	0.377124	151	201	3.00498
0.48094	0.448972	152	202	3.0099
0.735339	0.963074	152	203	2.99507
0.882233	0.695652	152	204	2.98039
0.332351	0.459758	153	205	2.98537
0.540521	0.642841	154	206	2.99029
0.0754835	0.635159	155	207	2.99517
0.269059	0.586551	156	208	3
0.818923	0.547559	157	209	3.00478
0.463662	0.258526	158	210	3.00952
0.411026	0.923179	158	211	2.99526
0.799505	0.915906	158	212	2.98113
0.939788	0.631304	158	213	2.96714
0.653431	0.361468	159	214	2.97196
0.984105	0.827353	159	215	2.95814
0.855575	0.886456	159	216	2.94444
0.204476	0.336515	160	217	2.94931
0.335428	0.939816	161	218	2.95413
0.299589	0.217662	162	219	2.9589
0.635467	0.63194	163	220	2.96364
0.677419	0.175989	164	221	2.96833
0.274781	0.752903	165	222	2.97297
0.811148	0.54384	166	223	2.97758
0.339454	0.630071	167	224	2.98214
0.0913987	0.803116	168	225	2.98667
0.888597	0.502425	168	226	2.97345
0.726295	0.688101	168	227	2.96035
0.418331	0.666083	169	228	2.96491
0.319406	0.0717618	170	229	2.96943
0.0275507	0.30351	171	230	2.97391
0.899115	0.883126	171	231	2.96104
0.189966	0.103591	172	232	2.96552
0.219641	0.525395	173	233	2.96996
0.0434066	0.519229	174	234	2.97436
0.743056	0.678874	174	235	2.9617
0.151169	0.420475	175	236	2.9661
0.854863	0.42595	176	237	2.97046
0.173378	0.666011	177	238	2.97479
0.96979	0.512832	177	239	2.96234
0.296082	0.0611884	178	240	2.96667
0.315948	0.184679	179	241	2.97095
0.563613	0.0422425	180	242	2.97521
0.87278	0.981944	180	243	2.96296
0.708325	0.192186	181	244	2.96721
0.0537062	0.735876	182	245	2.97143
0.495696	0.952821	182	246	2.95935
0.619002	0.685663	183	247	2.96356
0.0564116	0.838642	184	248	2.96774
0.211057	0.0998183	185	249	2.97189
0.357872	0.954113	185	250	2.96
0.778692	0.509041	186	251	2.96414
0.374589	0.633556	187	252	2.96825
0.934991	0.547967	187	253	2.95652
0.299567	0.904781	188	254	2.96063
0.0607987	0.595649	189	255	2.96471
0.965969	0.376746	189	256	2.95312
0.780327	0.529583	190	257	2.9572
0.418989	0.653108	191	258	2.96124
0.511527	0.127314	192	259	2.96525
0.845294	0.565233	192	260	2.95385
0.86319	0.34099	193	261	2.95785
0.518054	0.482191	194	262	2.96183
0.0266528	0.574465	195	263	2.96578
0.320833	0.23771	196	264	2.9697
0.674284	0.678705	197	265	2.97358
0.191824	0.452976	198	266	2.97744
0.187746	0.566412	199	267	2.98127
0.0865316	0.122738	200	268	2.98507
0.114379	0.386098	201	269	2.98885
0.0275185	0.175178	202	270	2.99259
0.981747	0.993488	202	271	2.98155
0.551924	0.762075	203	272	2.98529
0.52307	0.970913	203	273	2.97436
0.415182	0.0345973	204	274	2.9781
0.0982267	0.260476	205	275	2.98182
0.59983	0.961416	205	276	2.97101
0.601466	0.117884	206	277	2.97473
0.443608	0.628118	207	278	2.97842
0.692349	0.764441	207	279	2.96774
0.865829	0.366633	208	280	2.97143
0.443146	0.0576521	209	281	2.97509
0.819609	0.630893	209	282	2.96454
0.624064	0.906141	209	283	2.95406
0.75363	0.738444	209	284	2.94366
0.292239	0.781149	210	285	2.94737
0.913621	0.273986	211	286	2.95105
0.774636	0.465546	212	287	2.9547
0.0360606	0.297707	213	288	2.95833
0.436458	0.451243	214	289	2.96194
0.332304	0.534685	215	290	2.96552
0.711718	0.932135	215	291	2.95533
0.496101	0.313184	216	292	2.9589
0.0500187	0.939709	217	293	2.96246
0.941302	0.742368	217	294	2.95238
0.70415	0.807131	217	295	2.94237
0.109001	0.147297	218	296	2.94595
0.864783	0.92861	218	297	2.93603
0.778189	0.488848	219	298	2.9396
0.834751	0.531819	220	299	2.94314
0.227291	0.12699	221	300	2.94667
0.312968	0.140913	222	301	2.95017
0.400976	0.0876041	223	302	2.95364
0.606458	0.437037	224	303	2.9571
0.385311	0.0429164	225	304	2.96053
0.88828	0.717615	225	305	2.95082
0.577602	0.599998	226	306	2.95425
0.64975	0.073703	227	307	2.95765
0.913182	0.699769	227	308	2.94805
0.0134121	0.854484	228	309	2.95146
0.442137	0.717562	229	310	2.95484
0.661615	0.551138	230	311	2.9582
0.864859	0.526398	230	312	2.94872
0.479749	0.643048	231	313	2.95208
0.015246	0.3145	232	314	2.95541
0.174867	0.242537	233	315	2.95873
0.44149	0.487835	234	316	2.96203
0.38345	0.842467	235	317	2.9653
0.575439	0.989908	235	318	2.95597
0.279504	0.96075	235	319	2.94671
0.0328241	0.167783	236	320	2.95
0.678365	0.610426	237	321	2.95327
0.767781	0.328115	238	322	2.95652
0.684129	0.680963	239	323	2.95975
0.0278839	0.697541	240	324	2.96296
0.535448	0.470021	241	325	2.96615
0.415103	0.197063	242	326	2.96933
0.0211589	0.279962	243	327	2.97248
0.723462	0.500908	244	328	2.97561
0.92301	0.738708	244	329	2.96657
0.815407	0.0978769	245	330	2.9697
0.981245	0.256898	245	331	2.96073
0.585712	0.364694	246	332	2.96386
0.0993642	0.16115	247	333	2.96697
0.354602	0.378868	248	334	2.97006
0.1219	0.387426	249	335	2.97313
0.546651	0.800266	250	336	2.97619
0.997852	0.314432	250	337	2.96736
0.128381	0.68198	251	338	2.97041
0.995395	0.156265	251	339	2.96165
0.379521	0.530843	252	340	2.96471
0.626286	0.794624	252	341	2.95601
0.727906	0.647445	253	342	2.95906
0.074586	0.451368	254	343	2.9621
0.148352	0.997596	254	344	2.95349
0.190075	0.96376	255	345	2.95652
0.0954728	0.17132	256	346	2.95954
0.220657	0.681184	257	347	2.96254
0.536015	0.320021	258	348	2.96552
0.842335	0.890617	258	349	2.95702
0.698889	0.964235	258	350	2.94857
0.278043	0.24554	259	351	2.95157
0.764501	0.275895	260	352	2.95455
0.559972	0.892882	260	353	2.94618
0.957875	0.555368	260	354	2.93785
0.0491466	0.337396	261	355	2.94085
0.0862109	0.675432	262	356	2.94382
0.13202	0.814117	263	357	2.94678
0.322877	0.206606	264	358	2.94972
0.265485	0.471229	265	359	2.95265
0.204202	0.45556	266	360	2.95556
0.434988	0.299675	267	361	2.95845
0.626881	0.655646	268	362	2.96133
0.980859	0.162895	269	363	2.96419
0.975667	0.823194	269	364	2.95604
0.0535118	0.674556	270	365	2.9589
0.787429	0.331555	271	366	2.96175
0.920096	0.55193	271	367	2.95368
0.607449	0.480069	272	368	2.95652
0.444812	0.565324	273	369	2.95935
0.0354366	0.493958	274	370	2.96216
0.90272	0.121648	275	371	2.96496
0.169391	0.0347407	276	372	2.96774
0.935765	0.492267	276	373	2.95979
0.241347	0.20125	277	374	2.96257
0.963496	0.445549	277	375	2.95467
0.65681	0.398485	278	376	2.95745
0.745224	0.283691	279	377	2.96021
0.0541305	0.726083	280	378	2.96296
0.446586	0.0297976	281	379	2.9657
0.549277	0.500098	282	380	2.96842
0.704354	0.336706	283	381	2.97113
0.831652	0.62445	283	382	2.96335
0.888637	0.439101	284	383	2.96606
0.104519	0.333449	285	384	2.96875
0.00442581	0.139956	286	385	2.97143
0.827407	0.907146	286	386	2.96373
0.261603	0.996798	286	387	2.95607
0.941887	0.197368	287	388	2.95876
0.489065	0.183234	288	389	2.96144
0.398618	0.452562	289	390	2.9641
0.628783	0.0554278	290	391	2.96675
0.851046	0.374007	291	392	2.96939
0.339119	0.905177	292	393	2.97201
0.10009	0.785704	293	394	2.97462
0.934974	0.649367	293	395	2.96709
0.285802	0.639328	294	396	2.9697
0.986074	0.117454	295	397	2.97229
0.263779	0.87471	296	398	2.97487
0.556556	0.368298	297	399	2.97744
0.208159	0.560981	298	400	2.98
0.508254	0.0355658	299	401	2.98254
0.468128	0.769857	300	402	2.98507
0.0323636	0.410015	301	403	2.98759
0.967225	0.521429	301	404	2.9802
0.593249	0.365843	302	405	2.98272
0.97399	0.222032	303	406	2.98522
0.421271	0.825037	304	407	2.98771
0.596039	0.760389	305	408	2.9902
0.730213	0.696129	305	409	2.98289
0.546094	0.665188	306	410	2.98537
0.345496	0.831896	307	411	2.98783
0.304516	0.331569	308	412	2.99029
0.94935	0.568295	308	413	2.98305
0.20628	0.505906	309	414	2.98551
0.936593	0.414439	309	415	2.97831
0.066887	0.444846	310	416	2.98077
0.450004	0.535015	311	417	2.98321
0.214704	0.482368	312	418	2.98565
0.945029	0.181929	313	419	2.98807
0.00379668	0.538278	314	420	2.99048
0.547772	0.977787	314	421	2.98337
0.76031	0.969043	314	422	2.9763
0.802824	0.356348	315	423	2.97872
0.729432	0.533037	316	424	2.98113
0.0524768	0.275526	317	425	2.98353
0.198225	0.397973	318	426	2.98592
0.107422	0.502741	319	427	2.98829
0.729542	0.0567716	320	428	2.99065
0.0710355	0.935822	321	429	2.99301
0.562677	0.00762817	322	430	2.99535
0.35026	0.629564	323	431	2.99768
0.452475	0.800264	324	432	3
0.164579	0.667178	325	433	3.00231
0.282632	0.109608	326	434	3.00461
0.849107	0.286429	327	435	3.0069
0.647886	0.396879	328	436	3.00917
0.264216	0.408196	329	437	3.01144
0.365922	0.0670396	330	438	3.0137
0.764544	0.0953545	331	439	3.01595
0.600076	0.817021	331	440	3.00909
0.37088	0.798301	332	441	3.01134
0.214994	0.478302	333	442	3.01357
0.301042	0.944536	334	443	3.0158
0.535074	0.372077	335	444	3.01802
0.880357	0.0977508	336	445	3.02022
0.379705	0.230617	337	446	3.02242
0.727315	0.83218	337	447	3.01566
0.0308817	0.891894	338	448	3.01786
0.499358	0.313514	339	449	3.02004
0.00150175	0.348466	340	450	3.02222
0.599943	0.649388	341	451	3.02439
0.745345	0.864159	341	452	3.0177
0.057584	0.111267	342	453	3.01987
0.931199	0.822128	342	454	3.01322
0.206622	0.531275	343	455	3.01538
0.639149	0.577502	344	456	3.01754
0.329576	0.854143	345	457	3.01969
0.0558044	0.630618	346	458	3.02183
0.798678	0.590878	347	459	3.02397
0.0026956	0.679036	348	460	3.02609
0.688629	0.382401	349	461	3.0282
0.909653	0.415944	349	462	3.02165
0.214581	0.940535	350	463	3.02376
0.307837	0.71394	351	464	3.02586
0.254049	0.309339	352	465	3.02796
0.0624055	0.853992	353	466	3.03004
0.958727	0.807751	353	467	3.02355
0.718151	0.0163112	354	468	3.02564
0.919018	0.64935	354	469	3.01919
0.838439	0.125639	355	470	3.02128
0.180625	0.477589	356	471	3.02335
0.703142	0.510202	357	472	3.02542
0.331732	0.758946	358	473	3.02748
0.14082	0.13041	359	474	3.02954
0.349824	0.143516	360	475	3.03158
0.809446	0.0384531	361	476	3.03361
0.525917	0.719099	362	477	3.03564
0.454397	0.740498	363	478	3.03766
0.659633	0.762234	363	479	3.03132
0.454438	0.913682	363	480	3.025
0.0715735	0.516843	364	481	3.02703
0.767674	0.0303007	365	482	3.02905
0.324594	0.485825	366	483	3.03106
0.0466119	0.243611	367	484	3.03306
0.135175	0.885051	368	485	3.03505
0.369251	0.315801	369	486	3.03704
0.36264	0.0723925	370	487	3.03901
0.826003	0.694372	370	488	3.03279
0.831339	0.966823	370	489	3.02658
0.824782	0.181163	371	490	3.02857
0.110339	0.634228	372	491	3.03055
0.219616	0.636256	373	492	3.03252
0.353326	0.674013	374	493	3.03448
0.376754	0.0129591	375	494	3.03644
0.436247	0.831191	376	495	3.03838
0.926641	0.507821	376	496	3.03226
0.348035	0.694315	377	497	3.03421
0.538121	0.672628	378	498	3.03614
0.18014	0.584733	379	499	3.03808
0.91624	0.315315	380	500	3.04
0.469785	0.285491	381	501	3.04192
0.631116	0.832425	381	502	3.03586
0.357883	0.457118	382	503	3.03777
0.526796	0.189222	383	504	3.03968
0.423941	0.351578	384	505	3.04158
0.370384	0.53428	385	506	3.04348
0.985806	0.59	385	507	3.03748
0.170535	0.339132	386	508	3.03937
0.264013	0.547289	387	509	3.04126
0.352091	0.70026	388	510	3.04314
0.37848	0.278732	389	511	3.04501
0.20808	0.726515	390	512	3.04688
0.973047	0.746202	390	513	3.04094
0.399143	0.153186	391	514	3.0428
0.330935	0.315383	392	515	3.04466
0.468501	0.800719	393	516	3.04651
0.600874	0.0996172	394	517	3.04836
0.633144	0.958757	394	518	3.04247
0.556736	0.15994	395	519	3.04432
0.147979	0.980677	396	520	3.04615
0.511518	0.518364	397	521	3.04798
0.514957	0.497324	398	522	3.04981
0.108364	0.685492	399	523	3.05163
0.836456	0.372377	400	524	3.05344
0.232781	0.188547	401	525	3.05524
0.0726364	0.611261	402	526	3.05703
0.467278	0.280717	403	527	3.05882
0.337776	0.440325	404	528	3.06061
0.0269183	0.73692	405	529	3.06238
0.593511	0.357853	406	530	3.06415
0.052303	0.0620127	407	531	3.06591
0.158572	0.653177	408	532	3.06767
0.16163	0.791716	409	533	3.06942
0.611934	0.718365	410	534	3.07116
0.951657	0.759914	410	535	3.06542
0.699042	0.463175	411	536	3.06716
0.278277	0.213999	412	537	3.0689
0.960499	0.386641	412	538	3.0632
0.899491	0.796955	412	539	3.05751
0.759018	0.132272	413	540	3.05926
0.985502	0.831654	413	541	3.0536
0.743533	0.45278	414	542	3.05535
0.112371	0.0813094	415	543	3.05709
0.893105	0.139289	416	544	3.05882
0.818229	0.486616	417	545	3.06055
0.497142	0.870532	417	546	3.05495
0.548629	0.655714	418	547	3.05667
0.523709	0.710259	419	548	3.05839
0.447431	0.135643	420	549	3.06011
0.428624	0.399087	421	550	3.06182
0.895557	0.127666	422	551	3.06352
0.862262	0.173834	423	552	3.06522
0.341665	0.822761	424	553	3.06691
0.560475	0.241156	425	554	3.06859
0.619716	0.319493	426	555	3.07027
0.373428	0.605218	427	556	3.07194
0.151147	0.116961	428	557	3.07361
0.057998	0.263517	429	558	3.07527
0.19827	0.951103	430	559	3.07692
0.402806	0.0164993	431	560	3.07857
0.437719	0.899948	431	561	3.07308
0.887031	0.986348	431	562	3.06762
0.555663	0.41074	432	563	3.06927
0.696606	0.00309332	433	564	3.07092
0.546384	0.12523	434	565	3.07257
0.402181	0.441941	435	566	3.0742
0.252897	0.264443	436	567	3.07584
0.615775	0.594562	437	568	3.07746
0.0872044	0.17625	438	569	3.07909
0.835718	0.706921	438	570	3.07368
0.495743	0.209146	439	571	3.07531
0.312139	0.646889	440	572	3.07692
0.326107	0.370137	441	573	3.07853
0.910406	0.524377	441	574	3.07317
0.32124	0.313212	442	575	3.07478
0.540876	0.758959	443	576	3.07639
0.213161	0.427908	444	577	3.07799
0.745307	0.768823	444	578	3.07266
0.838648	0.441913	445	579	3.07427
0.771916	0.385032	446	580	3.07586
0.567144	0.174097	447	581	3.07745
0.826973	0.82004	447	582	3.07216
0.43854	0.442748	448	583	3.07376
0.414602	0.525744	449	584	3.07534
0.618998	0.250321	450	585	3.07692
0.232665	0.11474	451	586	3.0785
0.459466	0.544804	452	587	3.08007
0.76163	0.785573	452	588	3.07483
0.914941	0.672036	452	589	3.06961
0.30995	0.236181	453	590	3.07119
0.985248	0.850827	453	591	3.06599
0.99514	0.198409	453	592	3.06081
0.278735	0.740447	454	593	3.06239
0.967232	0.117383	455	594	3.06397
0.18236	0.739149	456	595	3.06555
0.502415	0.749503	457	596	3.06711
0.913246	0.329387	458	597	3.06868
0.569544	0.351786	459	598	3.07023
0.772135	0.984146	459	599	3.06511
0.87753	0.391133	460	600	3.06667
0.234467	0.110196	461	601	3.06822
0.505873	0.693933	462	602	3.06977
0.655	0.267503	463	603	3.07131
0.479507	0.569941	464	604	3.07285
0.939539	0.789457	464	605	3.06777
0.806122	0.924787	464	606	3.06271
0.640284	0.801262	464	607	3.05766
0.123196	0.919019	465	608	3.05921
0.541709	0.0904282	466	609	3.06076
0.0364013	0.724069	467	610	3.0623
0.829577	0.538816	468	611	3.06383
0.473572	0.742822	469	612	3.06536
0.868203	0.0431161	470	613	3.06688
0.0946079	0.640338	471	614	3.0684
0.0272624	0.972138	472	615	3.06992
0.0314707	0.261729	473	616	3.07143
0.0823336	0.537344	474	617	3.07293
0.955663	0.737333	474	618	3.06796
0.804846	0.435169	475	619	3.06947
0.307274	0.744385	476	620	3.07097
0.224626	0.113397	477	621	3.07246
0.669172	0.86491	477	622	3.06752
0.914659	0.792368	477	623	3.0626
0.783929	0.456368	478	624	3.0641
0.882796	0.82033	478	625	3.0592
0.180437	0.712373	479	626	3.0607
0.359146	0.654009	480	627	3.0622
0.455195	0.227349	481	628	3.06369
0.697125	0.549803	482	629	3.06518
0.867687	0.724388	482	630	3.06032
0.521941	0.899158	482	631	3.05547
0.986117	0.604275	482	632	3.05063
0.436501	0.941779	482	633	3.04581
0.341608	0.241348	483	634	3.04732
0.376949	0.648883	484	635	3.04882
0.985733	0.601575	484	636	3.04403
0.762279	0.654905	484	637	3.03925
0.466485	0.676938	485	638	3.04075
0.447273	0.250413	486	639	3.04225
0.133307	0.330069	487	640	3.04375
0.0707432	0.313743	488	641	3.04524
0.0424422	0.429889	489	642	3.04673
0.967753	0.497638	489	643	3.04199
0.657238	0.664878	490	644	3.04348
0.0474408	0.524925	491	645	3.04496
0.389266	0.569382	492	646	3.04644
0.424083	0.375383	493	647	3.04791
0.173657	0.860584	494	648	3.04938
0.317162	0.515265	495	649	3.05085
0.101932	0.694111	496	650	3.05231
0.164148	0.0876647	497	651	3.05376
0.295686	0.926427	498	652	3.05521
0.742569	0.76217	498	653	3.05054
0.603366	0.189842	499	654	3.05199
0.0125837	0.736672	500	655	3.05344
0.519911	0.0833269	501	656	3.05488
0.0504159	0.562354	502	657	3.05632
0.513216	0.0181687	503	658	3.05775
0.0599912	0.170454	504	659	3.05918
0.683047	0.107432	505	660	3.06061
0.695379	0.0723125	506	661	3.06203
0.676814	0.119461	507	662	3.06344
0.447695	0.850471	508	663	3.06486
0.980046	0.764858	508	664	3.06024
0.365736	0.0819777	509	665	3.06165
0.458969	0.529884	510	666	3.06306
0.169642	0.754654	511	667	3.06447
0.456312	0.912212	511	668	3.05988
0.516825	0.0596774	512	669	3.06129
0.102054	0.529408	513	670	3.06269
0.79635	0.621966	513	671	3.05812
0.612735	0.846766	513	672	3.05357
0.184319	0.125951	514	673	3.05498
0.864934	0.24431	515	674	3.05638
0.296405	0.547981	516	675	3.05778
0.351742	0.991783	516	676	3.05325
0.620294	0.0285565	517	677	3.05465
0.111245	0.0679891	518	678	3.05605
0.879028	0.0912906	519	679	3.05744
0.832847	0.244764	520	680	3.05882
0.173268	0.291815	521	681	3.06021
0.774648	0.342911	522	682	3.06158
0.0464695	0.230959	523	683	3.06296
0.255122	0.563294	524	684	3.06433
0.290637	0.357177	525	685	3.06569
0.0927022	0.0869868	526	686	3.06706
0.979142	0.705437	526	687	3.06259
0.933753	0.163461	527	688	3.06395
0.831388	0.798687	527	689	3.05951
0.407772	0.127793	528	690	3.06087
0.346668	0.759514	529	691	3.06223
0.119576	0.966962	530	692	3.06358
0.788071	0.230821	531	693	3.06494
0.0349512	0.667098	532	694	3.06628
0.322112	0.867798	533	695	3.06763
0.911862	0.49538	533	696	3.06322
0.159613	0.68651	534	697	3.06456
0.838291	0.206083	535	698	3.0659
0.917469	0.0934135	536	699	3.06724
0.769377	0.208106	537	700	3.06857
0.45059	0.862079	538	701	3.0699
0.295093	0.429732	539	702	3.07123
0.567516	0.228846	540	703	3.07255
0.593193	0.398905	541	704	3.07386
0.0275329	0.000965227	542	705	3.07518
0.526698	0.374201	543	706	3.07649
0.76048	0.646274	544	707	3.07779
0.341163	0.54855	545	708	3.0791
0.877096	0.376115	546	709	3.08039
0.215649	0.199208	547	710	3.08169
0.243913	0.127511	548	711	3.08298
0.694588	0.403526	549	712	3.08427
0.814021	0.532879	550	713	3.08555
0.609609	0.73149	551	714	3.08683
0.626293	0.378986	552	715	3.08811
0.939597	0.0768826	553	716	3.08939
0.241065	0.23469	554	717	3.09066
0.506615	0.808581	555	718	3.09192
0.463535	0.099808	556	719	3.09318
0.207486	0.491068	557	720	3.09444
0.100773	0.734184	558	721	3.0957
0.86527	0.861253	558	722	3.09141
0.380458	0.206433	559	723	3.09267
0.409803	0.257554	560	724	3.09392
0.582547	0.625452	561	725	3.09517
0.456761	0.82646	562	726	3.09642
0.752963	0.15135	563	727	3.09766
0.229986	0.566983	564	728	3.0989
0.684229	0.839595	564	729	3.09465
0.298474	0.310521	565	730	3.09589
0.21858	0.23807	566	731	3.09713
0.387404	0.459645	567	732	3.09836
0.47276	0.894018	567	733	3.09413
0.268226	0.936295	568	734	3.09537
0.993826	0.475712	568	735	3.09116
0.427364	0.0945997	569	736	3.09239
0.209896	0.292633	570	737	3.09362
0.955852	0.590354	570	738	3.08943
0.499066	0.365656	571	739	3.09066
0.847908	0.0816137	572	740	3.09189
0.991107	0.304669	572	741	3.08772
0.908074	0.74407	572	742	3.08356
0.456019	0.13806	573	743	3.08479
0.311054	0.140248	574	744	3.08602
0.977654	0.609527	574	745	3.08188
0.450769	0.196235	575	746	3.08311
0.847598	0.838173	575	747	3.07898
0.65588	0.320358	576	748	3.08021
0.732191	0.924106	576	749	3.0761
0.256653	0.726018	577	750	3.07733
0.399819	0.684017	578	751	3.07856
0.820617	0.609715	578	752	3.07447
0.97665	0.77647	578	753	3.07039
0.200069	0.475716	579	754	3.07162
0.142125	0.0479772	580	755	3.07285
0.55733	0.133233	581	756	3.07407
0.352647	0.465404	582	757	3.0753
0.877303	0.808666	582	758	3.07124
0.603464	0.188357	583	759	3.07246
0.948913	0.581118	583	760	3.06842
0.797884	0.399682	584	761	3.06965
0.777353	0.645481	584	762	3.06562
0.237855	0.433233	585	763	3.06684
0.965839	0.970046	585	764	3.06283
0.357339	0.222492	586	765	3.06405
0.696064	0.757158	586	766	3.06005
0.906509	0.516681	586	767	3.05606
0.366872	0.883159	587	768	3.05729
0.293151	0.566942	588	769	3.05852
0.358876	0.435276	589	770	3.05974
0.614919	0.916206	589	771	3.05577
0.568509	0.967565	589	772	3.05181
0.38161	0.445812	590	773	3.05304
0.776231	0.985073	590	774	3.0491
0.634169	0.725144	591	775	3.05032
0.566191	0.432053	592	776	3.05155
0.124826	0.343544	593	777	3.05277
0.077534	0.362681	594	778	3.05398
0.776776	0.043373	595	779	3.0552
0.332727	0.134115	596	780	3.05641
0.265865	0.028791	597	781	3.05762
0.891273	0.172374	598	782	3.05882
0.545472	0.258145	599	783	3.06003
0.0555329	0.838623	600	784	3.06122
0.825087	0.414408	601	785	3.06242
0.273899	0.440005	602	786	3.06361
0.330614	0.842409	603	787	3.0648
0.407571	0.712224	604	788	3.06599
0.288221	0.183802	605	789	3.06717
0.697297	0.92239	605	790	3.06329
0.908946	0.263488	606	791	3.06448
0.354442	0.0337721	607	792	3.06566
0.607031	0.431976	608	793	3.06683
0.396453	0.383808	609	794	3.06801
0.475349	0.72918	610	795	3.06918
0.517923	0.741214	611	796	3.07035
0.757971	0.409195	612	797	3.07152
0.913588	0.303444	613	798	3.07268
0.66734	0.969121	613	799	3.06884
0.142067	0.492427	614	800	3.07
0.38353	0.415966	615	801	3.07116
0.932432	0.714144	615	802	3.06733
0.258375	0.340003	616	803	3.06849
0.426367	0.546596	617	804	3.06965
0.523804	0.123664	618	805	3.07081
0.468986	0.43275	619	806	3.07196
0.387152	0.823428	620	807	3.07311
0.466522	0.994183	620	808	3.06931
0.255405	0.862975	621	809	3.07046
0.377991	0.730754	622	810	3.0716
0.592156	0.895913	622	811	3.06782
0.471968	0.350127	623	812	3.06897
0.305108	0.385557	624	813	3.07011
0.653571	0.972448	624	814	3.06634
0.354678	0.795637	625	815	3.06748
0.464875	0.738207	626	816	3.06863
0.211604	0.397307	627	817	3.06977
0.452351	0.469978	628	818	3.0709
0.737309	0.878719	628	819	3.06716
0.0165744	0.261113	629	820	3.06829
0.00238272	0.48556	630	821	3.06943
0.693864	0.389535	631	822	3.07056
0.308988	0.160386	632	823	3.07169
0.383718	0.564393	633	824	3.07282
0.0233611	0.761708	634	825	3.07394
0.295147	0.615517	635	826	3.07506
0.657622	0.767115	635	827	3.07134
0.965644	0.96273	635	828	3.06763
0.152672	0.619215	636	829	3.06876
0.935178	0.50735	636	830	3.06506
0.414852	0.400053	637	831	3.06619
0.245557	0.626456	638	832	3.06731
0.797359	0.697908	638	833	3.06363
0.0964343	0.534669	639	834	3.06475
0.576627	0.113009	640	835	3.06587
0.795782	0.57901	641	836	3.06699
0.598569	0.489646	642	837	3.0681
0.968544	0.907557	642	838	3.06444
0.650031	0.352262	643	839	3.06555
0.47195	0.673392	644	840	3.06667
0.11397	0.767097	645	841	3.06778
0.288909	0.771592	646	842	3.06888
0.534212	0.254554	647	843	3.06999
0.734322	0.686884	647	844	3.06635
0.873769	0.6695	647	845	3.06272
0.194234	0.288621	648	846	3.06383
0.0695529	0.439791	649	847	3.06494
0.915077	0.866912	649	848	3.06132
0.1377	0.0115111	650	849	3.06243
0.401581	0.714327	651	850	3.06353
0.12452	0.197363	652	851	3.06463
0.293337	0.723089	653	852	3.06573
0.687009	0.261881	654	853	3.06682
0.630646	0.33704	655	854	3.06792
0.614143	0.102596	656	855	3.06901
0.0104328	0.728113	657	856	3.07009
0.869693	0.299342	658	857	3.07118
0.499706	0.403905	659	858	3.07226
0.553896	0.234028	660	859	3.07334
0.0907894	0.427664	661	860	3.07442
0.903528	0.285024	662	861	3.07549
0.716285	0.973081	662	862	3.07193
0.724815	0.631362	663	863	3.073
0.839993	0.862515	663	864	3.06944
0.642873	0.241574	664	865	3.07052
0.576842	0.767393	665	866	3.07159
0.438937	0.870178	666	867	3.07266
0.490481	0.125946	667	868	3.07373
0.132059	0.121127	668	869	3.0748
0.462986	0.746202	669	870	3.07586
0.223723	0.473419	670	871	3.07692
0.474316	0.0934155	671	872	3.07798
0.772761	0.974021	671	873	3.07446
0.497321	0.326657	672	874	3.07551
0.208049	0.58811	673	875	3.07657
0.754321	0.111576	674	876	3.07763
0.873133	0.470606	675	877	3.07868
0.0846569	0.597948	676	878	3.07973
0.101968	0.92465	677	879	3.08077
0.460463	0.744841	678	880	3.08182
0.166224	0.0373047	679	881	3.08286
0.512234	0.605161	680	882	3.0839
0.907483	0.0027156	681	883	3.08494
0.731107	0.039542	682	884	3.08597
0.123843	0.194093	683	885	3.08701
0.785744	0.347565	684	886	3.08804
0.667512	0.26006	685	887	3.08906
0.440981	0.440273	686	888	3.09009
0.234081	0.938301	687	889	3.09111
0.76693	0.44213	688	890	3.09213
0.526411	0.521251	689	891	3.09315
0.553706	0.399545	690	892	3.09417
0.991858	0.638363	690	893	3.09071
0.997493	0.0938262	690	894	3.08725
0.563013	0.457956	691	895	3.08827
0.838668	0.729236	691	896	3.08482
0.495261	0.350902	692	897	3.08584
0.334397	0.402744	693	898	3.08686
0.353617	0.0655041	694	899	3.08788
0.442286	0.47746	695	900	3.08889
0.259597	0.22803	696	901	3.0899
0.825026	0.927109	696	902	3.08647
0.48809	0.266006	697	903	3.08749
0.367382	0.722171	698	904	3.0885
0.204308	0.134313	699	905	3.0895
0.1643	0.730719	700	906	3.09051
0.655564	0.718006	701	907	3.09151
0.130264	0.647422	702	908	3.09251
0.356369	0.127758	703	909	3.09351
0.741248	0.919382	703	910	3.09011
0.585714	0.579916	704	911	3.09111
0.648618	0.0809754	705	912	3.09211
0.930818	0.983016	705	913	3.08872
0.483719	0.284435	706	914	3.08972
0.0485197	0.926005	707	915	3.09071
0.761895	0.308117	708	916	3.0917
0.154036	0.586921	709	917	3.09269
0.235226	0.642126	710	918	3.09368
0.852927	0.602608	710	919	3.09032
0.364296	0.0572351	711	920	3.0913
0.736921	0.528597	712	921	3.09229
0.787954	0.392485	713	922	3.09328
0.246603	0.918219	714	923	3.09426
0.0399067	0.602972	715	924	3.09524
0.0459766	0.781155	716	925	3.09622
0.522354	0.631691	717	926	3.09719
0.361071	0.170972	718	927	3.09817
0.712666	0.291888	719	928	3.09914
0.153988	0.196386	720	929	3.10011
0.576323	0.202508	721	930	3.10108
0.122391	0.338219	722	931	3.10204
0.510624	0.276427	723	932	3.103
0.925139	0.74585	723	933	3.09968
0.918552	0.778066	723	934	3.09636
0.348459	0.282848	724	935	3.09733
0.835302	0.0853795	725	936	3.09829
0.811445	0.623256	725	937	3.09498
0.477864	0.0580478	726	938	3.09595
0.541475	0.517771	727	939	3.09691
0.66102	0.587451	728	940	3.09787
0.298926	0.183374	729	941	3.09883
0.219142	0.659996	730	942	3.09979
0.354346	0.931808	731	943	3.10074
0.951885	0.508334	731	944	3.09746
0.128194	0.528208	732	945	3.09841
0.710841	0.250585	733	946	3.09937
0.866426	0.221466	734	947	3.10032
0.527012	0.791566	735	948	3.10127
0.967316	0.445564	735	949	3.098
0.569632	0.315775	736	950	3.09895
0.728412	0.404934	737	951	3.09989
0.401154	0.539857	738	952	3.10084
0.0281899	0.879019	739	953	3.10178
0.597905	0.569665	740	954	3.10273
0.39679	0.258925	741	955	3.10366
0.157116	0.695716	742	956	3.1046
0.442298	0.376259	743	957	3.10554
0.355712	0.796644	744	958	3.10647
0.308067	0.307597	745	959	3.1074
0.304978	0.436261	746	960	3.10833
0.835805	0.0158188	747	961	3.10926
0.686846	0.702231	748	962	3.11019
0.237284	0.213857	749	963	3.11111
0.493797	0.204601	750	964	3.11203
0.659421	0.0634291	751	965	3.11295
0.520375	0.387833	752	966	3.11387
0.468363	0.92153	752	967	3.11065
0.92769	0.496553	752	968	3.10744
0.800548	0.525595	753	969	3.10836
0.0662177	0.197338	754	970	3.10928
0.78452	0.223334	755	971	3.1102
0.893054	0.226818	756	972	3.11111
0.599593	0.248766	757	973	3.11202
0.023462	0.90766	758	974	3.11294
0.556363	0.32844	759	975	3.11385
0.34392	0.392168	760	976	3.11475
0.344258	0.0307658	761	977	3.11566
0.0943989	0.581543	762	978	3.11656
0.244623	0.588196	763	979	3.11747
0.786143	0.904044	763	980	3.11429
0.651625	0.306519	764	981	3.11519
0.291877	0.119988	765	982	3.11609
0.228048	0.219567	766	983	3.11699
0.61654	0.0285968	767	984	3.11789
0.745162	0.682758	767	985	3.11472
0.225935	0.529682	768	986	3.11562
0.906092	0.118989	769	987	3.11651
0.7565	0.505685	770	988	3.11741
0.367755	0.779962	771	989	3.1183
0.413344	0.924118	771	990	3.11515
0.108402	0.757265	772	991	3.11604
0.316286	0.45266	773	992	3.11694
0.788031	0.410685	774	993	3.11782
0.0342029	0.0326535	775	994	3.11871
0.998881	0.820346	775	995	3.11558
0.936697	0.650506	775	996	3.11245
0.126865	0.228574	776	997	3.11334
0.770493	0.354913	777	998	3.11423
0.448141	0.387034	778	999	3.11512
0.38351	0.193303	779	1000	3.116
0.0697919	0.609445	780	1001	3.11688
0.722985	0.975884	780	1002	3.11377
0.728434	0.479485	781	1003	3.11466
0.481569	0.0961898	782	1004	3.11554
0.259448	0.894913	783	1005	3.11642
0.0203083	0.367849	784	1006	3.1173
0.652178	0.336595	785	1007	3.11817
0.82051	0.440209	786	1008	3.11905
0.74728	0.854712	786	1009	3.11596
0.472862	0.74616	787	1010	3.11683
0.675059	0.409559	788	1011	3.11771
0.396666	0.801924	789	1012	3.11858
0.638133	0.167159	790	1013	3.11945
0.156837	0.0862742	791	1014	3.12032
0.554193	0.540347	792	1015	3.12118
0.279577	0.623985	793	1016	3.12205
0.149792	0.00256247	794	1017	3.12291
0.599869	0.878227	794	1018	3.11984
0.482048	0.0814381	795	1019	3.12071
0.974417	0.741496	795	1020	3.11765
0.976352	0.994725	795	1021	3.11459
0.109345	0.62853	796	1022	3.11546
0.331319	0.929854	797	1023	3.11632
0.0687386	0.0785991	798	1024	3.11719
0.784567	0.541601	799	1025	3.11805
0.824759	0.459626	800	1026	3.11891
0.95116	0.221425	801	1027	3.11977
0.261549	0.589294	802	1028	3.12062
0.388585	0.418386	803	1029	3.12148
0.675568	0.942778	803	1030	3.11845
0.958733	0.955145	803	1031	3.11542
0.566763	0.108526	804	1032	3.11628
0.957707	0.166632	805	1033	3.11713
0.986752	0.439755	805	1034	3.11412
0.24807	0.961169	806	1035	3.11498
0.181251	0.224421	807	1036	3.11583
0.955894	0.290596	808	1037	3.11668
0.852951	0.287213	809	1038	3.11753
0.22045	0.92169	810	1039	3.11838
0.365812	0.00501716	811	1040	3.11923
0.463291	0.190572	812	1041	3.12008
0.464643	0.414451	813	1042	3.12092
0.411997	0.726192	814	1043	3.12176
0.00374437	0.800582	815	1044	3.12261
0.144578	0.679312	816	1045	3.12344
0.74336	0.103311	817	1046	3.12428
0.634457	0.310123	818	1047	3.12512
0.211837	0.592164	819	1048	3.12595
0.476754	0.198589	820	1049	3.12679
0.0319197	0.724824	821	1050	3.12762
0.159758	0.213171	822	1051	3.12845
0.949245	0.115652	823	1052	3.12928
0.503766	0.802197	824	1053	3.1301
0.402866	0.724217	825	1054	3.13093
0.723887	0.768678	825	1055	3.12796
0.729234	0.187177	826	1056	3.12879
0.95925	0.193876	827	1057	3.12961
0.601628	0.371248	828	1058	3.13043
0.920068	0.605373	828	1059	3.12748
0.17183	0.0646462	829	1060	3.1283
0.284685	0.91519	830	1061	3.12912
0.167957	0.919142	831	1062	3.12994
0.225312	0.379794	832	1063	3.13076
0.511306	0.702066	833	1064	3.13158
0.578383	0.543226	834	1065	3.13239
0.42689	0.738142	835	1066	3.13321
0.756396	0.376136	836	1067	3.13402
0.853794	0.260163	837	1068	3.13483
0.178333	0.25666	838	1069	3.13564
0.984379	0.902219	838	1070	3.13271
0.0253378	0.713613	839	1071	3.13352
0.0893966	0.984588	840	1072	3.13433
0.90749	0.691025	840	1073	3.13141
0.355836	0.827558	841	1074	3.13222
0.296397	0.527665	842	1075	3.13302
0.892204	0.581082	842	1076	3.13011
0.442855	0.0601614	843	1077	3.13092
0.500223	0.668167	844	1078	3.13173
0.439955	0.0115293	845	1079	3.13253
0.370234	0.0183387	846	1080	3.13333
0.554755	0.797124	847	1081	3.13414
0.75648	0.311151	848	1082	3.13494
0.17326	0.610274	849	1083	3.13573
0.571314	0.351593	850	1084	3.13653
0.866934	0.555693	850	1085	3.13364
0.253812	0.892271	851	1086	3.13444
0.269307	0.343209	852	1087	3.13523
0.876859	0.176796	853	1088	3.13603
0.0342336	0.232695	854	1089	3.13682
0.00435409	0.330631	855	1090	3.13761
0.76036	0.896558	855	1091	3.13474
0.911713	0.203216	856	1092	3.13553
0.95672	0.411936	856	1093	3.13266
0.871383	0.396675	857	1094	3.13346
0.423465	0.241617	858	1095	3.13425
0.415014	0.97822	858	1096	3.13139
0.0387413	0.171494	859	1097	3.13218
0.289372	0.212002	860	1098	3.13297
0.781768	0.860686	860	1099	3.13012
0.563595	0.648702	861	1100	3.13091
0.416379	0.817407	862	1101	3.1317
0.540973	0.685686	863	1102	3.13249
0.160616	0.417832	864	1103	3.13327
0.862482	0.19485	865	1104	3.13406
0.650527	0.866836	865	1105	3.13122
0.525481	0.410888	866	1106	3.13201
0.763394	0.437193	867	1107	3.13279
0.614103	0.720114	868	1108	3.13357
0.849129	0.485487	869	1109	3.13436
0.116789	0.272594	870	1110	3.13514
0.727104	0.531803	871	1111	3.13591
0.250815	0.765845	872	1112	3.13669
0.703297	0.540186	873	1113	3.13747
0.977847	0.485065	873	1114	3.13465
0.400872	0.541441	874	1115	3.13543
0.133766	0.817251	875	1116	3.1362
0.358848	0.674739	876	1117	3.13697
0.502937	0.519464	877	1118	3.13775
0.0925718	0.365418	878	1119	3.13852
0.714314	0.743099	878	1120	3.13571
0.232254	0.239795	879	1121	3.13649
0.153987	0.995648	879	1122	3.13369
0.676988	0.76809	879	1123	3.1309
0.715762	0.526117	880	1124	3.13167
0.253577	0.832551	881	1125	3.13244
0.798711	0.98068	881	1126	3.12966
0.364353	0.0495259	882	1127	3.13043
0.746525	0.0676497	883	1128	3.13121
0.589712	0.724372	884	1129	3.13198
0.552714	0.990584	884	1130	3.1292
0.265813	0.686481	885	1131	3.12997
0.807835	0.624662	885	1132	3.12721
0.36122	0.310772	886	1133	3.12798
0.144126	0.453792	887	1134	3.12875
0.676191	0.85844	887	1135	3.12599
0.196891	0.908445	888	1136	3.12676
0.0982349	0.350878	889	1137	3.12753
0.904093	0.775223	889	1138	3.12478
0.118968	0.619855	890	1139	3.12555
0.30134	0.372545	891	1140	3.12632
0.452405	0.100051	892	1141	3.12708
0.353226	0.816759	893	1142	3.12785
0.149577	0.0997512	894	1143	3.12861
0.884408	0.739289	894	1144	3.12587
0.824123	0.437123	895	1145	3.12664
0.729873	0.0899363	896	1146	3.1274
0.123603	0.537709	897	1147	3.12816
0.714598	0.484823	898	1148	3.12892
0.848481	0.858724	898	1149	3.1262
0.938615	0.524672	898	1150	3.12348
0.717164	0.135506	899	1151	3.12424
0.433116	0.815399	900	1152	3.125
0.486384	0.337209	901	1153	3.12576
0.590622	0.605352	902	1154	3.12652
0.957064	0.891962	902	1155	3.12381
0.977898	0.40947	902	1156	3.12111
0.992013	0.331124	902	1157	3.11841
0.226228	0.141589	903	1158	3.11917
0.430875	0.110636	904	1159	3.11993
0.880879	0.254998	905	1160	3.12069
0.547759	0.610752	906	1161	3.12145
0.344934	0.671362	907	1162	3.1222
0.148461	0.0595321	908	1163	3.12296
0.156186	0.996942	908	1164	3.12027
0.918256	0.0948007	909	1165	3.12103
0.521614	0.63542	910	1166	3.12178
0.230307	0.95473	911	1167	3.12254
0.450819	0.716691	912	1168	3.12329
0.291939	0.0414414	913	1169	3.12404
0.322043	0.249003	914	1170	3.12479
0.933403	0.299941	915	1171	3.12553
0.658473	0.925416	915	1172	3.12287
0.631065	0.884701	915	1173	3.1202
0.067005	0.0619394	916	1174	3.12095
0.995337	0.947884	916	1175	3.1183
0.316937	0.543096	917	1176	3.11905
0.558636	0.661871	918	1177	3.1198
0.214458	0.707097	919	1178	3.12054
0.721404	0.370644	920	1179	3.12129
0.704039	0.63966	921	1180	3.12203
0.465444	0.225652	922	1181	3.12278
0.27508	0.695751	923	1182	3.12352
0.180382	0.725899	924	1183	3.12426
0.412442	0.472321	925	1184	3.125
0.767341	0.734485	925	1185	3.12236
0.721324	0.700744	925	1186	3.11973
0.0344265	0.379797	926	1187	3.12047
0.626159	0.665491	927	1188	3.12121
0.264498	0.693164	928	1189	3.12195
0.72743	0.259835	929	1190	3.12269
0.641048	0.0443677	930	1191	3.12343
0.802931	0.199684	931	1192	3.12416
0.706239	0.0173895	932	1193	3.1249
0.90678	0.427643	932	1194	3.12228
0.388033	0.610819	933	1195	3.12301
0.0673021	0.853478	934	1196	3.12375
0.836471	0.342382	935	1197	3.12448
0.549229	0.016853	936	1198	3.12521
0.0682813	0.961671	937	1199	3.12594
0.489174	0.835622	938	1200	3.12667
0.696157	0.210499	939	1201	3.12739
0.536366	0.730583	940	1202	3.12812
0.590296	0.162525	941	1203	3.12884
0.396074	0.854794	942	1204	3.12957
0.855689	0.123505	943	1205	3.13029
0.114629	0.496737	944	1206	3.13101
0.167872	0.917561	945	1207	3.13173
0.696421	0.874111	945	1208	3.12914
0.93495	0.603201	945	1209	3.12655
0.301754	0.322983	946	1210	3.12727
0.214019	0.369056	947	1211	3.12799
0.176461	0.0504904	948	1212	3.12871
0.711438	0.72569	948	1213	3.12613
0.0673434	0.779719	949	1214	3.12685
0.687362	0.556518	950	1215	3.12757
0.615341	0.383518	951	1216	3.12829
0.767016	0.151707	952	1217	3.12901
0.114101	0.357312	953	1218	3.12972
0.314232	0.510176	954	1219	3.13043
0.212106	0.169921	955	1220	3.13115
0.63368	0.326736	956	1221	3.13186
0.666658	0.801553	956	1222	3.1293
0.244296	0.363079	957	1223	3.13001
0.675664	0.179246	958	1224	3.13072
0.966279	0.977418	958	1225	3.12816
0.50223	0.180299	959	1226	3.12887
0.346474	0.678691	960	1227	3.12958
0.230789	0.0579122	961	1228	3.13029
0.404381	0.298133	962	1229	3.131
0.837632	0.0917424	963	1230	3.13171
0.85465	0.452973	964	1231	3.13241
0.475261	0.621667	965	1232	3.13312
0.60468	0.589362	966	1233	3.13382
0.978979	0.918912	966	1234	3.13128
0.0995378	0.191085	967	1235	3.13198
0.0888333	0.733218	968	1236	3.13269
0.517821	0.755492	969	1237	3.13339
0.534771	0.762117	970	1238	3.13409
0.11857	0.210435	971	1239	3.13479
0.941363	0.0848498	972	1240	3.13548
0.187853	0.443593	973	1241	3.13618
0.265149	0.534327	974	1242	3.13688
0.122284	0.495938	975	1243	3.13757
0.592239	0.526665	976	1244	3.13826
0.79407	0.429871	977	1245	3.13896
0.618407	0.648721	978	1246	3.13965
0.882844	0.0936677	979	1247	3.14034
0.270387	0.487524	980	1248	3.14103
0.68303	0.249366	981	1249	3.14171
0.406436	0.782568	982	1250	3.1424
0.440451	0.495269	983	1251	3.14309
0.515786	0.958272	983	1252	3.14058
0.250761	0.0505564	984	1253	3.14126
0.720389	0.369331	985	1254	3.14195
0.260991	0.661753	986	1255	3.14263
0.454181	0.448844	987	1256	3.14331
0.105346	0.71933	988	1257	3.14399
0.983171	0.227629	988	1258	3.14149
0.215267	0.575409	989	1259	3.14218
0.754294	0.00933779	990	1260	3.14286
0.00528006	0.372701	991	1261	3.14354
0.658058	0.888124	991	1262	3.14105
0.466369	0.928446	991	1263	3.13856
0.375647	0.149398	992	1264	3.13924
0.177812	0.782083	993	1265	3.13992
0.931966	0.618263	993	1266	3.13744
0.277352	0.447752	994	1267	3.13812
0.576535	0.528113	995	1268	3.1388
0.498308	0.296925	996	1269	3.13948
0.897444	0.759299	996	1270	3.13701
0.958678	0.351625	996	1271	3.13454
0.208143	0.0640233	997	1272	3.13522
0.0709546	0.191313	998	1273	3.1359
0.291653	0.286222	999	1274	3.13658
0.766723	0.0459466	1000	1275	3.13725
0.29556	0.772003	1001	1276	3.13793
0.418648	0.953618	1001	1277	3.13547
0.660127	0.885016	1001	1278	3.13302
0.882064	0.0357741	1002	1279	3.1337
0.0344148	0.0598756	1003	1280	3.13437
0.817857	0.966381	1003	1281	3.13193
0.678139	0.0952098	1004	1282	3.13261
0.414133	0.254674	1005	1283	3.13328
0.623323	0.912441	1005	1284	3.13084
0.551599	0.520767	1006	1285	3.13152
0.67174	0.510276	1007	1286	3.13219
0.872392	0.879883	1007	1287	3.12976
0.5743	0.943347	1007	1288	3.12733
0.0711963	0.865952	1008	1289	3.12801
0.229569	0.837919	1009	1290	3.12868
0.911899	0.525129	1009	1291	3.12626
0.609922	0.330547	1010	1292	3.12693
0.478747	0.270049	1011	1293	3.12761
0.215563	0.360811	1012	1294	3.12828
0.305823	0.249978	1013	1295	3.12896
0.420687	0.12368	1014	1296	3.12963
0.216359	0.0988252	1015	1297	3.1303
0.21889	0.630491	1016	1298	3.13097
0.353499	0.842213	1017	1299	3.13164
0.542932	0.905098	1017	1300	3.12923
0.36298	0.214672	1018	1301	3.1299
0.415375	0.235373	1019	1302	3.13057
0.0945547	0.989674	1020	1303	3.13124
0.17872	0.165751	1021	1304	3.1319
0.855627	0.408289	1022	1305	3.13257
0.00367035	0.767526	1023	1306	3.13323
0.933418	0.613593	1023	1307	3.13083
0.0980727	0.412165	1024	1308	3.1315
0.883642	0.313636	1025	1309	3.13216
0.772976	0.189465	1026	1310	3.13282
0.563614	0.193662	1027	1311	3.13349
0.313145	0.779972	1028	1312	3.13415
0.292487	0.532035	1029	1313	3.13481
0.410464	0.645987	1030	1314	3.13546
0.374248	0.953396	1030	1315	3.13308
0.551085	0.737229	1031	1316	3.13374
0.168067	0.96646	1032	1317	3.1344
0.972602	0.262622	1032	1318	3.13202
0.956134	0.151321	1033	1319	3.13268
0.428373	0.811761	1034	1320	3.13333
0.55961	0.432044	1035	1321	3.13399
0.579287	0.493028	1036	1322	3.13464
0.0456363	0.67736	1037	1323	3.1353
0.905192	0.929278	1037	1324	3.13293
0.990995	0.678168	1037	1325	3.13057
0.118743	0.554609	1038	1326	3.13122
0.87183	0.431888	1039	1327	3.13188
0.334581	0.164318	1040	1328	3.13253
0.963923	0.745045	1040	1329	3.13017
0.810304	0.338172	1041	1330	3.13083
0.69844	0.361389	1042	1331	3.13148
0.0754004	0.866508	1043	1332	3.13213
0.327849	0.048002	1044	1333	3.13278
0.12913	0.283983	1045	1334	3.13343
0.199323	0.557503	1046	1335	3.13408
0.0957438	0.758933	1047	1336	3.13473
0.989547	0.675031	1047	1337	3.13239
0.251961	0.0351834	1048	1338	3.13303
0.35239	0.157154	1049	1339	3.13368
0.964461	0.343386	1049	1340	3.13134
0.835322	0.083204	1050	1341	3.13199
0.897995	0.707152	1050	1342	3.12966
0.515092	0.232576	1051	1343	3.13031
0.87147	0.479015	1052	1344	3.13095
0.977621	0.681774	1052	1345	3.12862
0.817187	0.676062	1052	1346	3.1263
0.0431633	0.892587	1053	1347	3.12695
0.542569	0.371012	1054	1348	3.1276
0.940589	0.6717	1054	1349	3.12528
0.654995	0.139912	1055	1350	3.12593
0.229203	0.750739	1056	1351	3.12657
0.898846	0.21875	1057	1352	3.12722
0.425769	0.150807	1058	1353	3.12786
0.253933	0.77816	1059	1354	3.12851
0.30796	0.218395	1060	1355	3.12915
0.121546	0.143282	1061	1356	3.12979
0.301599	0.0195405	1062	1357	3.13043
0.850434	0.816691	1062	1358	3.12813
0.252117	0.721904	1063	1359	3.12877
0.295706	0.229738	1064	1360	3.12941
0.403678	0.112892	1065	1361	3.13005
0.905799	0.446841	1065	1362	3.12775
0.00547901	0.448369	1066	1363	3.12839
0.817853	0.946068	1066	1364	3.1261
0.120068	0.472848	1067	1365	3.12674
0.0859801	0.349271	1068	1366	3.12738
0.223587	0.984826	1068	1367	3.12509
0.568021	0.649356	1069	1368	3.12573
0.135632	0.821955	1070	1369	3.12637
0.427516	0.443593	1071	1370	3.12701
0.0403497	0.549061	1072	1371	3.12764
0.586875	0.341948	1073	1372	3.12828
0.568602	0.437309	1074	1373	3.12891
0.158639	0.820719	1075	1374	3.12955
0.159212	0.454344	1076	1375	3.13018
0.0504563	0.56289	1077	1376	3.13081
0.567237	0.956255	1077	1377	3.12854
0.00973068	0.572716	1078	1378	3.12917
0.404624	0.827584	1079	1379	3.1298
0.518783	0.524692	1080	1380	3.13043
0.300431	0.604764	1081	1381	3.13106
0.873964	0.524018	1081	1382	3.1288
0.589589	0.441985	1082	1383	3.12943
0.173374	0.725222	1083	1384	3.13006
0.26394	0.60089	1084	1385	3.13069
0.168814	0.30429	1085	1386	3.13131
0.149951	0.755689	1086	1387	3.13194
0.646238	0.718553	1087	1388	3.13256
0.192998	0.804877	1088	1389	3.13319
0.539271	0.35221	1089	1390	3.13381
0.259222	0.589728	1090	1391	3.13444
0.9151	0.826458	1090	1392	3.13218
0.545983	0.92483	1090	1393	3.12994
0.399174	0.950607	1090	1394	3.12769
0.752414	0.917957	1090	1395	3.12545
0.4753	0.0528454	1091	1396	3.12607
0.522721	0.349264	1092	1397	3.1267
0.576863	0.11231	1093	1398	3.12732
0.791249	0.750237	1093	1399	3.12509
0.837532	0.0551892	1094	1400	3.12571
0.351127	0.00634591	1095	1401	3.12634
0.359479	0.501078	1096	1402	3.12696
0.762035	0.00571738	1097	1403	3.12758
0.219631	0.955032	1098	1404	3.12821
0.810595	0.758902	1098	1405	3.12598
0.307242	0.0698165	1099	1406	3.1266
0.34863	0.222342	1100	1407	3.12722
0.896275	0.894613	1100	1408	3.125
0.147172	0.295449	1101	1409	3.12562
0.845221	0.899586	1101	1410	3.1234
0.213406	0.320521	1102	1411	3.12403
0.952431	0.736127	1102	1412	3.12181
0.669784	0.529295	1103	1413	3.12243
0.848437	0.461033	1104	1414	3.12306
0.279532	0.685969	1105	1415	3.12367
0.516223	0.630659	1106	1416	3.12429
0.692315	0.875702	1106	1417	3.12209
0.131737	0.45435	1107	1418	3.12271
0.881419	0.351368	1108	1419	3.12333
0.409382	0.692014	1109	1420	3.12394
0.110271	0.716624	1110	1421	3.12456
0.76183	0.458901	1111	1422	3.12518
0.938966	0.658105	1111	1423	3.12298
0.353514	0.0861378	1112	1424	3.1236
0.953554	0.198735	1113	1425	3.12421
0.985724	0.16696	1114	1426	3.12482
0.519256	0.938155	1114	1427	3.12263
0.903087	0.18904	1115	1428	3.12325
0.46745	0.751524	1116	1429	3.12386
0.650074	0.746982	1117	1430	3.12448
0.437493	0.166296	1118	1431	3.12509
0.377641	0.129808	1119	1432	3.1257
0.0419977	0.509378	1120	1433	3.12631
0.584157	0.923417	1120	1434	3.12413
0.860746	0.993539	1120	1435	3.12195
0.61543	0.971017	1120	1436	3.11978
0.710163	0.37726	1121	1437	3.12039
0.429918	0.649129	1122	1438	3.121
0.0353653	0.783432	1123	1439	3.12161
0.735267	0.988919	1123	1440	3.11944
0.982167	0.720991	1123	1441	3.11728
0.155879	0.501423	1124	1442	3.11789
0.659146	0.0589656	1125	1443	3.1185
0.690463	0.126596	1126	1444	3.11911
0.81049	0.340537	1127	1445	3.11972
0.873577	0.247983	1128	1446	3.12033
0.506833	0.251218	1129	1447	3.12094
0.37779	0.54883	1130	1448	3.12155
0.760596	0.961948	1130	1449	3.11939
0.472247	0.621342	1131	1450	3.12
0.955487	0.0876773	1132	1451	3.12061
0.592359	0.665651	1133	1452	3.12121
0.464938	0.0222765	1134	1453	3.12182
0.31478	0.500303	1135	1454	3.12242
0.805708	0.0500469	1136	1455	3.12302
0.489222	0.787876	1137	1456	3.12363
0.771038	0.645101	1137	1457	3.12148
0.289298	0.430183	1138	1458	3.12209
0.704066	0.979761	1138	1459	3.11995
0.556779	0.514556	1139	1460	3.12055
0.320298	0.430356	1140	1461	3.12115
0.762538	0.827131	1140	1462	3.11902
0.681574	0.140329	1141	1463	3.11962
0.375961	0.44217	1142	1464	3.12022
0.102277	0.848208	1143	1465	3.12082
0.0635123	0.0577638	1144	1466	3.12142
0.935885	0.655871	1144	1467	3.11929
0.723414	0.400823	1145	1468	3.11989
0.678148	0.0381942	1146	1469	3.12049
0.901126	0.483856	1146	1470	3.11837
0.088241	0.390348	1147	1471	3.11897
0.271732	0.859279	1148	1472	3.11957
0.0354489	0.56103	1149	1473	3.12016
0.289462	0.739515	1150	1474	3.12076
0.540791	0.846241	1150	1475	3.11864
0.254071	0.861089	1151	1476	3.11924
0.276597	0.0166096	1152	1477	3.11984
0.68822	0.958172	1152	1478	3.11773
0.156938	0.0641813	1153	1479	3.11832
0.400342	0.259215	1154	1480	3.11892
0.912389	0.463854	1154	1481	3.11681
0.316979	0.848275	1155	1482	3.11741
0.119726	0.0403932	1156	1483	3.118
0.249098	0.797873	1157	1484	3.1186
0.0785874	0.150224	1158	1485	3.11919
0.281729	0.166828	1159	1486	3.11978
0.540572	0.553461	1160	1487	3.12038
0.0261071	0.576021	1161	1488	3.12097
0.114491	0.315569	1162	1489	3.12156
0.315536	0.655282	1163	1490	3.12215
0.161811	0.569607	1164	1491	3.12274
0.516372	0.438408	1165	1492	3.12332
0.586217	0.204592	1166	1493	3.12391
0.39658	0.743155	1167	1494	3.1245
0.268773	0.796922	1168	1495	3.12508
0.00237028	0.181162	1169	1496	3.12567
0.260776	0.319349	1170	1497	3.12625
0.0294371	0.380502	1171	1498	3.12684
0.359742	0.278535	1172	1499	3.12742
0.178375	0.43833	1173	1500	3.128
0.428759	0.460105	1174	1501	3.12858
0.605158	0.969331	1174	1502	3.1265
0.0135653	0.631265	1175	1503	3.12708
0.545352	0.128056	1176	1504	3.12766
0.946835	0.860888	1176	1505	3.12558
0.783338	0.108645	1177	1506	3.12616
0.430495	0.29971	1178	1507	3.12674
0.547053	0.0167119	1179	1508	3.12732
0.504302	0.943633	1179	1509	3.12525
0.759867	0.773075	1179	1510	3.12318
0.740555	0.762237	1179	1511	3.12111
0.954237	0.00133148	1180	1512	3.12169
0.0815865	0.983674	1181	1513	3.12227
0.381834	0.441329	1182	1514	3.12285
0.262209	0.560209	1183	1515	3.12343
0.879659	0.690968	1183	1516	3.12137
0.0203133	0.484817	1184	1517	3.12195
0.660299	0.0338786	1185	1518	3.12253
0.116082	0.205651	1186	1519	3.12311
0.161935	0.0629171	1187	1520	3.12368
0.0665387	0.945273	1188	1521	3.12426
0.171562	0.497034	1189	1522	3.12484
0.244982	0.718616	1190	1523	3.12541
0.513746	0.749284	1191	1524	3.12598
0.662249	0.273613	1192	1525	3.12656
0.522359	0.402804	1193	1526	3.12713
0.0358502	0.476596	1194	1527	3.1277
0.404135	0.117437	1195	1528	3.12827
0.46027	0.785969	1196	1529	3.12884
0.558766	0.722479	1197	1530	3.12941
0.346178	0.438424	1198	1531	3.12998
0.413447	0.366491	1199	1532	3.13055
0.923241	0.0737459	1200	1533	3.13112
0.400369	0.0393235	1201	1534	3.13168
0.279397	0.562304	1202	1535	3.13225
0.102241	0.345935	1203	1536	3.13281
0.507577	0.273803	1204	1537	3.13338
0.842969	0.752559	1204	1538	3.13134
0.992418	0.356715	1204	1539	3.1293
0.501843	0.654667	1205	1540	3.12987
0.630328	0.0242019	1206	1541	3.13043
0.0574709	0.666178	1207	1542	3.131
0.500798	0.461606	1208	1543	3.13156
0.783615	0.961068	1208	1544	3.12953
0.247575	0.34238	1209	1545	3.1301
0.683547	0.593752	1210	1546	3.13066
0.780804	0.0969936	1211	1547	3.13122
0.960243	0.704046	1211	1548	3.1292
0.17074	0.360613	1212	1549	3.12976
0.743369	0.450136	1213	1550	3.13032
0.922917	0.84561	1213	1551	3.1283
0.796072	0.430494	1214	1552	3.12887
0.119413	0.639041	1215	1553	3.12943
0.183053	0.111831	1216	1554	3.12999
0.995756	0.684896	1216	1555	3.12797
0.766498	0.626084	1217	1556	3.12853
0.709098	0.823969	1217	1557	3.12653
0.292261	0.209896	1218	1558	3.12709
0.285575	0.0758759	1219	1559	3.12765
0.170963	0.53315	1220	1560	3.12821
0.418256	0.85451	1221	1561	3.12876
0.126903	0.19906	1222	1562	3.12932
0.951503	0.087146	1223	1563	3.12988
0.903106	0.122243	1224	1564	3.13043
0.447759	0.646475	1225	1565	3.13099
0.572379	0.370675	1226	1566	3.13155
0.492085	0.368451	1227	1567	3.1321
0.801169	0.611497	1227	1568	3.1301
0.0074916	0.984222	1228	1569	3.13066
0.723328	0.00324738	1229	1570	3.13121
0.669118	0.489827	1230	1571	3.13176
0.629331	0.378216	1231	1572	3.13232
0.313796	0.921592	1232	1573	3.13287
0.588111	0.599371	1233	1574	3.13342
0.997468	0.759075	1233	1575	3.13143
0.132521	0.415724	1234	1576	3.13198
0.613584	0.259424	1235	1577	3.13253
0.614785	0.565088	1236	1578	3.13308
0.34657	0.51789	1237	1579	3.13363
0.68733	0.794329	1237	1580	3.13165
0.164366	0.25971	1238	1581	3.13219
0.165004	0.65645	1239	1582	3.13274
0.62816	0.966173	1239	1583	3.13076
0.267948	0.635652	1240	1584	3.13131
0.950395	0.991276	1240	1585	3.12934
0.638899	0.619513	1241	1586	3.12989
0.481103	0.26823	1242	1587	3.13043
0.997729	0.794899	1242	1588	3.12846
0.189822	0.58584	1243	1589	3.12901
0.39427	0.187291	1244	1590	3.12956
0.344915	0.526791	1245	1591	3.13011
0.603015	0.958499	1245	1592	3.12814
0.786216	0.217799	1246	1593	3.12869
0.523586	0.132786	1247	1594	3.12923
0.73569	0.210917	1248	1595	3.12978
0.927115	0.900055	1248	1596	3.12782
0.470626	0.0921189	1249	1597	3.12837
0.556506	0.0987866	1250	1598	3.12891
0.0582922	0.824453	1251	1599	3.12946
0.734439	0.00868716	1252	1600	3.13
0.815729	0.373338	1253	1601	3.13054
0.6282	0.296832	1254	1602	3.13109
0.641568	0.625929	1255	1603	3.13163
0.0917306	0.83139	1256	1604	3.13217
0.211769	0.486	1257	1605	3.13271
0.018681	0.556683	1258	1606	3.13325
0.0127918	0.621696	1259	1607	3.13379
0.515182	0.799007	1260	1608	3.13433
0.839495	0.0387682	1261	1609	3.13487
0.931793	0.575185	1261	1610	3.13292
0.249685	0.858908	1262	1611	3.13346
0.47524	0.720311	1263	1612	3.134
0.951027	0.0317459	1264	1613	3.13453
0.819098	0.00931871	1265	1614	3.13507
0.856199	0.553536	1265	1615	3.13313
0.0180059	0.671928	1266	1616	3.13366
0.926874	0.646206	1266	1617	3.13173
0.96876	0.568442	1266	1618	3.12979
0.272134	0.060491	1267	1619	3.13033
0.399833	0.483903	1268	1620	3.13086
0.546491	0.418514	1269	1621	3.1314
0.040586	0.559283	1270	1622	3.13194
0.0402093	0.555768	1271	1623	3.13247
0.35829	0.879704	1272	1624	3.133
0.594536	0.290084	1273	1625	3.13354
0.454889	0.844221	1274	1626	3.13407
0.148991	0.93013	1275	1627	3.1346
0.564532	0.100018	1276	1628	3.13514
0.961876	0.38363	1276	1629	3.13321
0.109336	0.818075	1277	1630	3.13374
0.937166	0.127342	1278	1631	3.13427
0.490003	0.86404	1279	1632	3.1348
0.773548	0.458764	1280	1633	3.13533
0.432483	0.0456825	1281	1634	3.13586
0.519255	0.832315	1282	1635	3.13639
0.529585	0.065746	1283	1636	3.13692
0.250829	0.570171	1284	1637	3.13745
0.625029	0.291038	1285	1638	3.13797
0.125939	0.98332	1286	1639	3.1385
0.170742	0.720475	1287	1640	3.13902
0.273403	0.625632	1288	1641	3.13955
0.564696	0.422394	1289	1642	3.14007
0.555761	0.129228	1290	1643	3.1406
0.522412	0.517637	1291	1644	3.14112
0.512858	0.631748	1292	1645	3.14164
0.335712	0.450024	1293	1646	3.14216
0.759091	0.825715	1293	1647	3.14026
0.314065	0.532639	1294	1648	3.14078
0.284479	0.746547	1295	1649	3.1413
0.578321	0.803733	1296	1650	3.14182
0.578862	0.107907	1297	1651	3.14234
0.869479	0.829691	1297	1652	3.14044
0.678078	0.494508	1298	1653	3.14096
0.120729	0.804017	1299	1654	3.14148
0.477828	0.291471	1300	1655	3.14199
0.524492	0.751231	1301	1656	3.14251
0.917103	0.0891883	1302	1657	3.14303
0.173626	0.472864	1303	1658	3.14355
0.218416	0.696038	1304	1659	3.14406
0.990501	0.731274	1304	1660	3.14217
0.327786	0.326213	1305	1661	3.14269
0.181299	0.0868766	1306	1662	3.1432
0.151929	0.495363	1307	1663	3.14372
0.619515	0.436407	1308	1664	3.14423
0.241911	0.197837	1309	1665	3.14474
0.240141	0.820773	1310	1666	3.14526
0.305743	0.10962	1311	1667	3.14577
0.650464	0.983821	1311	1668	3.14388
0.604128	0.771193	1312	1669	3.1444
0.787838	0.0819564	1313	1670	3.14491
0.0626637	0.312331	1314	1671	3.14542
0.833188	0.979767	1314	1672	3.14354
0.401519	0.00681334	1315	1673	3.14405
0.452631	0.619935	1316	1674	3.14456
0.702851	0.443132	1317	1675	3.14507
0.35121	0.0306369	1318	1676	3.14558
0.769346	0.532508	1319	1677	3.14609
0.117514	0.921274	1320	1678	3.1466
0.0278719	0.737029	1321	1679	3.14711
0.357682	0.269783	1322	1680	3.14762
0.934866	0.597822	1322	1681	3.14575
0.0905555	0.240609	1323	1682	3.14625
0.707442	0.741019	1323	1683	3.14439
0.22443	0.31157	1324	1684	3.14489
0.512212	0.0122684	1325	1685	3.1454
0.393527	0.574876	1326	1686	3.14591
0.324599	0.226715	1327	1687	3.14641
0.554642	0.726118	1328	1688	3.14692
0.233528	0.00727305	1329	1689	3.14742
0.346053	0.936379	1330	1690	3.14793
0.450405	0.697263	1331	1691	3.14843
0.967016	0.219751	1332	1692	3.14894
0.229771	0.0845294	1333	1693	3.14944
0.141026	0.257643	1334	1694	3.14994
0.821558	0.498707	1335	1695	3.15044
0.527426	0.756424	1336	1696	3.15094
0.0965297	0.617981	1337	1697	3.15144
0.997033	0.803972	1337	1698	3.14959
0.359001	0.221463	1338	1699	3.15009
0.115542	0.871213	1339	1700	3.15059
0.233731	0.509069	1340	1701	3.15109
0.446088	0.55833	1341	1702	3.15159
0.735784	0.000730229	1342	1703	3.15208
0.284448	0.969312	1342	1704	3.15023
0.00800328	0.630501	1343	1705	3.15073
0.905691	0.458409	1343	1706	3.14889
0.327764	0.872706	1344	1707	3.14938
0.67816	0.557536	1345	1708	3.14988
0.957236	0.819186	1345	1709	3.14804
0.815179	0.778794	1345	1710	3.1462
0.317893	0.342605	1346	1711	3.1467
0.535218	0.414423	1347	1712	3.1472
0.960587	0.532251	1347	1713	3.14536
0.218395	0.319587	1348	1714	3.14586
0.753714	0.333937	1349	1715	3.14636
0.1908	0.987445	1349	1716	3.14452
0.843006	0.636888	1349	1717	3.14269
0.545775	0.57879	1350	1718	3.14319
0.637618	0.830223	1350	1719	3.14136
0.548102	0.645621	1351	1720	3.14186
0.460725	0.453792	1352	1721	3.14236
0.10403	0.788489	1353	1722	3.14286
0.326499	0.78219	1354	1723	3.14335
0.346025	0.283734	1355	1724	3.14385
0.601376	0.161204	1356	1725	3.14435
0.0625285	0.919269	1357	1726	3.14484
0.503809	0.597747	1358	1727	3.14534
0.333692	0.464396	1359	1728	3.14583
0.129998	0.552087	1360	1729	3.14633
0.783983	0.883711	1360	1730	3.14451
0.886024	0.974783	1360	1731	3.14269
0.871156	0.72903	1360	1732	3.14088
0.611671	0.416931	1361	1733	3.14137
0.30782	0.249289	1362	1734	3.14187
0.247155	0.855922	1363	1735	3.14236
0.894911	0.707879	1363	1736	3.14055
0.309714	0.998941	1363	1737	3.13874
0.496368	0.636213	1364	1738	3.13924
0.781131	0.842393	1364	1739	3.13744
0.919947	0.382507	1365	1740	3.13793
0.00359767	0.982475	1366	1741	3.13843
0.301777	0.507407	1367	1742	3.13892
0.580222	0.635469	1368	1743	3.13941
0.971803	0.71022	1368	1744	3.13761
0.187556	0.755786	1369	1745	3.13811
0.593931	0.0735804	1370	1746	3.1386
0.73057	0.465087	1371	1747	3.1391
0.802611	0.342241	1372	1748	3.13959
0.882018	0.110431	1373	1749	3.14008
0.59153	0.129173	1374	1750	3.14057
0.966353	0.486441	1374	1751	3.13878
0.837052	0.276067	1375	1752	3.13927
0.485382	0.333421	1376	1753	3.13976
0.912279	0.266513	1377	1754	3.14025
0.175814	0.832226	1378	1755	3.14074
0.64902	0.179412	1379	1756	3.14123
0.814702	0.950797	1379	1757	3.13944
0.686819	0.394924	1380	1758	3.13993
0.586266	0.658622	1381	1759	3.14042
0.105144	0.773822	1382	1760	3.14091
0.414409	0.699075	1383	1761	3.1414
0.847403	0.144978	1384	1762	3.14188
0.164162	0.650013	1385	1763	3.14237
0.487219	0.04618	1386	1764	3.14286
0.760444	0.0787488	1387	1765	3.14334
0.175353	0.726797	1388	1766	3.14383
0.565189	0.0124054	1389	1767	3.14431
0.00286406	0.0505711	1390	1768	3.1448
0.345826	0.915144	1391	1769	3.14528
0.317084	0.52164	1392	1770	3.14576
0.74737	0.966104	1392	1771	3.14399
0.701052	0.562072	1393	1772	3.14447
0.916901	0.387871	1394	1773	3.14495
0.956996	0.503167	1394	1774	3.14318
0.0464936	0.0621396	1395	1775	3.14366
0.276989	0.460902	1396	1776	3.14414
0.761214	0.124392	1397	1777	3.14463
0.60588	0.925376	1397	1778	3.14286
0.774406	0.0930993	1398	1779	3.14334
0.971556	0.53485	1398	1780	3.14157
0.171848	0.146909	1399	1781	3.14206
0.261647	0.737038	1400	1782	3.14254
0.159314	0.264511	1401	1783	3.14302
0.787609	0.50514	1402	1784	3.1435
0.179655	0.104693	1403	1785	3.14398
0.026781	0.927025	1404	1786	3.14446
0.0707967	0.727833	1405	1787	3.14494
0.489097	0.987698	1405	1788	3.14318
0.115705	0.446093	1406	1789	3.14366
0.490865	0.162198	1407	1790	3.14413
0.508232	0.767854	1408	1791	3.14461
0.623101	0.269447	1409	1792	3.14509
0.892247	0.228981	1410	1793	3.14557
0.194822	0.666652	1411	1794	3.14604
0.32208	0.166378	1412	1795	3.14652
0.201502	0.493928	1413	1796	3.14699
0.313287	0.463149	1414	1797	3.14747
0.230966	0.472601	1415	1798	3.14794
0.72766	0.0185744	1416	1799	3.14842
0.977742	0.907315	1416	1800	3.14667
0.123267	0.00452253	1417	1801	3.14714
0.83434	0.194064	1418	1802	3.14761
0.732356	0.323437	1419	1803	3.14809
0.181761	0.848061	1420	1804	3.14856
0.769529	0.672626	1420	1805	3.14681
0.010259	0.277762	1421	1806	3.14729
0.440481	0.63336	1422	1807	3.14776
0.547208	0.332727	1423	1808	3.14823
0.86234	0.74203	1423	1809	3.14649
0.999379	0.184421	1423	1810	3.14475
0.908409	0.200881	1424	1811	3.14522
0.678349	0.221695	1425	1812	3.1457
0.66403	0.909315	1425	1813	3.14396
0.694296	0.391691	1426	1814	3.14443
0.927889	0.672038	1426	1815	3.1427
0.299006	0.051156	1427	1816	3.14317
0.676561	0.133346	1428	1817	3.14364
0.24522	0.408916	1429	1818	3.14411
0.456782	0.426981	1430	1819	3.14458
0.256977	0.226312	1431	1820	3.14505
0.0996073	0.267236	1432	1821	3.14552
0.504073	0.540088	1433	1822	3.14599
0.900596	0.0512817	1434	1823	3.14646
0.872815	0.762936	1434	1824	3.14474
0.793312	0.872194	1434	1825	3.14301
0.947357	0.701721	1434	1826	3.14129
0.0730755	0.625705	1435	1827	3.14176
0.923416	0.737106	1435	1828	3.14004
0.53502	0.617712	1436	1829	3.14051
0.128797	0.462909	1437	1830	3.14098
0.28975	0.427803	1438	1831	3.14145
0.514065	0.966311	1438	1832	3.13974
0.561149	0.759285	1439	1833	3.14021
0.375227	0.0179312	1440	1834	3.14068
0.186266	0.632204	1441	1835	3.14114
0.244243	0.285873	1442	1836	3.14161
0.89944	0.748317	1442	1837	3.1399
0.825961	0.800036	1442	1838	3.13819
0.799598	0.698776	1442	1839	3.13649
0.562972	0.59291	1443	1840	3.13696
0.57097	0.510329	1444	1841	3.13743
0.294631	0.644046	1445	1842	3.13789
0.136034	0.218047	1446	1843	3.13836
0.381152	0.671054	1447	1844	3.13883
0.835759	0.509949	1448	1845	3.1393
0.133963	0.12551	1449	1846	3.13976
0.937751	0.648028	1449	1847	3.13806
0.0918207	0.4989	1450	1848	3.13853
0.407313	0.467048	1451	1849	3.13899
0.516831	0.593579	1452	1850	3.13946
0.0992524	0.761075	1453	1851	3.13992
0.879452	0.998693	1453	1852	3.13823
0.509391	0.705413	1454	1853	3.13869
0.798729	0.308989	1455	1854	3.13916
0.404189	0.361701	1456	1855	3.13962
0.9019	0.975159	1456	1856	3.13793
0.872029	0.19653	1457	1857	3.1384
0.619205	0.00806348	1458	1858	3.13886
0.414577	0.000356591	1459	1859	3.13932
0.679118	0.250337	1460	1860	3.13978
0.510305	0.813081	1461	1861	3.14025
0.375847	0.448057	1462	1862	3.14071
0.461109	0.467667	1463	1863	3.14117
0.946957	0.868423	1463	1864	3.13948
0.934716	0.463788	1463	1865	3.1378
0.462002	0.0339679	1464	1866	3.13826
0.224863	0.341454	1465	1867	3.13873
0.0326607	0.734254	1466	1868	3.13919
0.0468671	0.83139	1467	1869	3.13965
0.0432431	0.451056	1468	1870	3.14011
0.19309	0.945143	1469	1871	3.14057
0.426215	0.0651198	1470	1872	3.14103
0.141673	0.0454202	1471	1873	3.14148
0.0731832	0.556251	1472	1874	3.14194
0.0457768	0.752301	1473	1875	3.1424
0.806587	0.556082	1474	1876	3.14286
0.565382	0.182434	1475	1877	3.14331
0.00413861	0.0264911	1476	1878	3.14377
0.650102	0.951096	1476	1879	3.1421
0.894914	0.584817	1476	1880	3.14043
0.414884	0.356916	1477	1881	3.14088
0.618785	0.639747	1478	1882	3.14134
0.698369	0.651446	1479	1883	3.1418
0.374001	0.745236	1480	1884	3.14225
0.482835	0.417244	1481	1885	3.14271
0.196293	0.675926	1482	1886	3.14316
0.362386	0.622508	1483	1887	3.14361
0.741045	0.504059	1484	1888	3.14407
0.667928	0.814229	1484	1889	3.1424
0.0603099	0.713705	1485	1890	3.14286
0.56653	0.866897	1485	1891	3.1412
0.269787	0.131911	1486	1892	3.14165
0.0493316	0.273925	1487	1893	3.1421
0.158402	0.699433	1488	1894	3.14256
0.225021	0.0533162	1489	1895	3.14301
0.28425	0.639905	1490	1896	3.14346
0.410232	0.903036	1491	1897	3.14391
0.279652	0.108601	1492	1898	3.14436
0.554481	0.653652	1493	1899	3.14481
0.853838	0.0373167	1494	1900	3.14526
0.0708958	0.0501302	1495	1901	3.14571
0.713242	0.433282	1496	1902	3.14616
0.672638	0.454288	1497	1903	3.14661
0.937341	0.340566	1498	1904	3.14706
0.268517	0.997651	1498	1905	3.14541
0.0542711	0.835046	1499	1906	3.14586
0.864549	0.324058	1500	1907	3.1463
0.966957	0.91388	1500	1908	3.14465
0.597983	0.12536	1501	1909	3.1451
0.613314	0.823004	1501	1910	3.14346
0.178676	0.897564	1502	1911	3.1439
0.462909	0.588908	1503	1912	3.14435
0.8006	0.742561	1503	1913	3.14271
0.697509	0.355081	1504	1914	3.14316
0.396213	0.551346	1505	1915	3.1436
0.392398	0.467109	1506	1916	3.14405
0.601477	0.10564	1507	1917	3.1445
0.900391	0.274115	1508	1918	3.14494
0.559928	0.837732	1508	1919	3.1433
0.614681	0.828445	1508	1920	3.14167
0.835384	0.668952	1508	1921	3.14003
0.663491	0.699933	1509	1922	3.14048
0.99301	0.630448	1509	1923	3.13885
0.613813	0.590993	1510	1924	3.13929
0.755808	0.227127	1511	1925	3.13974
0.413998	0.934484	1511	1926	3.13811
0.124691	0.876907	1512	1927	3.13856
0.523392	0.925291	1512	1928	3.13693
0.619467	0.220901	1513	1929	3.13738
0.280372	0.0156802	1514	1930	3.13782
0.772247	0.672769	1514	1931	3.1362
0.482789	0.373724	1515	1932	3.13665
0.77841	0.38318	1516	1933	3.13709
0.647839	0.338338	1517	1934	3.13754
0.220912	0.26252	1518	1935	3.13798
0.166782	0.0562954	1519	1936	3.13843
0.931472	0.830273	1519	1937	3.13681
0.756228	0.924482	1519	1938	3.13519
0.460721	0.370041	1520	1939	3.13564
0.515475	0.216529	1521	1940	3.13608
0.597168	0.929473	1521	1941	3.13447
0.151013	0.721859	1522	1942	3.13491
0.80638	0.674405	1522	1943	3.1333
0.647149	0.425847	1523	1944	3.13374
0.895305	0.927521	1523	1945	3.13213
0.441527	0.667552	1524	1946	3.13258
0.60029	0.924316	1524	1947	3.13097
0.0412761	0.3787	1525	1948	3.13142
0.307496	0.689115	1526	1949	3.13186
0.717038	0.528407	1527	1950	3.13231
0.951634	0.88382	1527	1951	3.1307
0.584703	0.883106	1527	1952	3.1291
0.714093	0.340931	1528	1953	3.12954
0.807588	0.174814	1529	1954	3.12999
0.710972	0.323063	1530	1955	3.13043
0.391344	0.308139	1531	1956	3.13088
0.252536	0.542357	1532	1957	3.13132
0.0299977	0.058916	1533	1958	3.13177
0.216762	0.677147	1534	1959	3.13221
0.484763	0.112067	1535	1960	3.13265
0.604667	0.92629	1535	1961	3.13106
0.77962	0.204958	1536	1962	3.1315
0.850607	0.820896	1536	1963	3.1299
0.583657	0.158102	1537	1964	3.13035
0.51001	0.300695	1538	1965	3.13079
0.686509	0.461645	1539	1966	3.13123
0.184515	0.271212	1540	1967	3.13167
0.344751	0.898608	1541	1968	3.13211
0.612143	0.152339	1542	1969	3.13255
0.0734221	0.323114	1543	1970	3.13299
0.475402	0.464766	1544	1971	3.13343
0.631253	0.727939	1545	1972	3.13387
0.00712245	0.661251	1546	1973	3.13431
0.786855	0.223884	1547	1974	3.13475
0.338398	0.271618	1548	1975	3.13519
0.335951	0.943065	1548	1976	3.1336
0.197908	0.115571	1549	1977	3.13404
0.148023	0.0485149	1550	1978	3.13448
0.936467	0.73168	1550	1979	3.1329
0.206617	0.446477	1551	1980	3.13333
0.0323754	0.893127	1552	1981	3.13377
0.908122	0.21689	1553	1982	3.13421
0.164339	0.252873	1554	1983	3.13464
0.115498	0.776481	1555	1984	3.13508
0.405212	0.18892	1556	1985	3.13552
0.0995958	0.880614	1557	1986	3.13595
0.653686	0.730849	1558	1987	3.13639
0.608553	0.660808	1559	1988	3.13682
0.3921	0.395407	1560	1989	3.13725
0.884692	0.730498	1560	1990	3.13568
0.667025	0.220644	1561	1991	3.13611
0.673564	0.864934	1561	1992	3.13454
0.336215	0.821587	1562	1993	3.13497
0.913449	0.272681	1563	1994	3.13541
0.553267	0.120066	1564	1995	3.13584
0.719158	0.585643	1565	1996	3.13627
0.0131921	0.62728	1566	1997	3.13671
0.802533	0.177531	1567	1998	3.13714
0.880152	0.918031	1567	1999	3.13557
0.954012	0.285364	1568	2000	3.136
